+0.10124085 +0.25768143 -0.07970303 +0.15511173 -0.15039837 +0.31617665 -0.07862031 +0.13778152 -0.24214382 +0.02497091 +0.05262360 +0.46156639 -0.06103854 +0.24258636 -0.03215595 +0.09446581 -0.02085276 -0.01104940 +0.03619443 +0.12271627 +0.25935331 +0.04920593 +0.30677539 +0.07499243 +0.23917446 +0.19180377 -0.01776788 -0.16950439 -0.18237926 -0.23383242 +0.12672913 -0.23807211 +0.07393442 -0.44876218 -0.09935919 -0.08312494 -0.09648293 +0.17540529 -0.01246219 +0.01095326 -0.38469696 -0.16159934 +0.46862784 +0.43177253 +0.01832432 +0.03943713 +0.01100957 +0.00636158 -0.26462123 -0.49397206 +0.02273944 -0.12577771 +0.48904967 +0.04171513 -0.52646184 +0.03286336 -0.12144011 +0.20098141 +0.00088130 -0.03033371 -0.19225264 -0.12318241 -0.02055150 -0.07552801
+0.06995349 -0.29342169 +0.00405238 -0.24475317 +0.25012493 -0.22433954 +0.16073479 +0.05279223 +0.46313256 +0.34653500 -0.00602966 -0.00970565 +0.09743127 -0.20397389 -0.23094310 +0.59283501 +0.30848718 +0.06106836 -0.25498706 -0.06382668 -0.32869160 -0.17811045 -0.26189038 +0.53210396 +0.21335796 -0.01220434 -0.06153382 +0.22632283 +0.09064113 +0.01554788 +0.08277853 -0.25072151 -0.19790503 +0.27165255 -0.06325026 -0.17391534 +0.46165261 -0.32272625 -0.13615312 -0.19005707 +0.10385909 +0.18976378 +0.12779947 +0.08166089 -0.04174870 -0.14269450 -0.00436748 -0.12326830 -0.24691364 -0.17118113 +0.01183829 -0.08443237 -0.11405915 -0.27731082 +0.39718032 +0.07639112 +0.07342546 +0.05815326 +0.07370836 -0.28326115 -0.17511018 +0.10275549 -0.09112941 -0.13140993
-0.17197001 -0.06616397 -0.30798283 +0.43911579 -0.36097020 -0.44968110 -0.28986156 -0.18389739 +0.02339681 +0.13821633 +0.04825198 -0.28438935 +0.00856760 -0.11107861 -0.02999619 -0.12936907 +0.11873135 -0.07294647 +0.32814068 -0.14478189 +0.16604573 +0.17280249 -0.11552361 +0.38772625 -0.13302359 +0.12096770 +0.18938170 -0.32361823 -0.13102436 -0.20066510 +0.11433466 -0.07767321 +0.12738745 -0.06909063 +0.01952603 -0.27562550 +0.44681472 +0.56876594 -0.37402970 +0.57956564 +0.06137594 -0.18042867 -0.19227752 -0.26462245 -0.10432525 -0.03644308 -0.07025490 +0.03051670 -0.21622054 +0.28878221 +0.04924563 -0.09994285 +0.10654956 -0.09932216 -0.05774593 -0.17285833 -0.16790707 +0.36315471 -0.01034758 +0.12752406 -0.11505228 +0.10798151 -0.07524437 +0.22135098
-0.05731591 +0.41826487 +0.10171041 -0.25134787 +0.29371750 -0.15997511 +0.06836541 -0.17201315 -0.33169174 +0.04677093 +0.13749555 -0.22808780 -0.04474189 +0.08540200 +0.00269528 -0.31335324 -0.06562161 -0.06951634 -0.16148250 +0.11496218 -0.34929460 -0.00612773 -0.18394658 -0.19852641 +0.14351889 -0.09011039 +0.09093131 -0.21511239 -0.16033480 +0.00190643 -0.10496429 -0.09768181 -0.18498617 -0.17463648 -0.05078328 -0.23228431 -0.41841787 +0.29293805 +0.19907816 +0.52951390 +0.05451265 +0.33074537 -0.27490240 +0.11847585 +0.05998777 -0.33821425 -0.03933430 +0.12137714 -0.33417752 +0.01855875 -0.06387653 -0.28904802 -0.26560533 +0.51775539 +0.69255012 +0.40135857 +0.10607713 -0.22846481 +0.05315611 -0.08286424 -0.01920613 +0.04529002 +0.05872768 +0.18626374
+0.08349233 -0.00914710 +0.00014657 -0.23775168 +0.26466504 +0.08304109 +0.01897398 -0.09790146 +0.28436524 +0.04341372 +0.11878322 -0.06214038 -0.08322866 +0.29147297 -0.18496507 +0.54039598 +0.07214893 -0.03418978 +0.09382276 -0.09036075 +0.38954157 -0.10876888 -0.40055713 -0.28000677 -0.21827003 -0.10829638 +0.26583189 +0.18791957 +0.53103876 -0.15528217 -0.07340572 -0.37190646 -0.30402011 -0.32978424 +0.21221162 +0.22230135 -0.00553332 -0.18802346 -0.14219016 -0.33752644 -0.41380116 +0.10794740 -0.09564181 +0.08074103 +0.10257529 +0.32499278 +0.08797533 +0.01140375 +0.04598148 +0.52509499 +0.07601821 +0.44857949 -0.07541517 -0.22303535 -0.31135723 -0.41269609 +0.12530065 -0.24430621 +0.09928176 +0.33473131 -0.00502973 +0.10821333 +0.02053303 +0.15939763
-0.03249880 +0.22344759 -0.27405450 -0.06841702 -0.31760666 -0.15676516 -0.11194260 +0.17205195 -0.21895909 -0.37131381 -0.01910332 -0.04018901 +0.01700663 +0.39539045 +0.45312443 -0.16949867 +0.08855984 -0.07132560 -0.05014639 -0.00963206 +0.00267513 +0.02390191 +0.09261543 +0.30455843 +0.46361372 -0.09833412 -0.44772956 -0.00005168 -0.21945478 -0.09202407 +0.10843053 +0.05962405 +0.05754705 +0.40485394 +0.20346548 -0.12752916 +0.04642904 -0.25141004 +0.67104477 -0.24103612 +0.02385283 -0.26375654 -0.17411895 -0.27025518 +0.01636280 +0.20245035 +0.01468036 +0.05662622 +0.47428381 +0.22214527 +0.22526018 -0.27059349 -0.19546202 -0.11775758 +0.13814828 +0.45358628 -0.18011391 -0.46859559 +0.11372846 -0.18358289 +0.32410967 -0.11859386 -0.04571260 +0.00045392
+0.25491855 -0.11797928 -0.18575840 +0.42355508 -0.30752853 +0.38420901 +0.05526040 +0.28253606 +0.34199539 -0.24911453 -0.52984726 +0.31183302 +0.09924828 +0.23880501 -0.08636396 -0.17235978 -0.06819771 +0.03261260 +0.00770625 -0.07829265 -0.07868078 +0.19090578 -0.33085585 +0.13787729 +0.18969452 +0.04351875 -0.23206855 +0.26472515 -0.10621692 -0.19479227 -0.11456738 -0.00409734 +0.18842041 -0.18224597 -0.07835103 +0.28656605 -0.08000790 -0.34130204 +0.17606664 -0.34891826 +0.69785744 -0.20879056 -0.28230742 +0.19328167 -0.03453516 +0.03808668 -0.11391854 +0.01866639 -0.20661318 -0.10441191 +0.02175199 +0.01443092 -0.16547979 -0.04378058 -0.47045717 -0.16871622 -0.06284629 -0.12133326 +0.11839379 +0.30189165 -0.14275762 -0.03168290 +0.11044173 +0.10136294
-0.12271282 -0.27782133 +0.08622282 -0.32478145 +0.20427752 -0.12762684 +0.17116627 +0.12156111 -0.32414240 +0.13326678 +0.31585899 +0.24345635 +0.12992847 -0.15611006 -0.32510108 -0.32277241 +0.08414125 -0.05083666 -0.10447264 -0.04995711 +0.45399559 +0.01281405 +0.21602824 +0.43374065 -0.22593549 -0.06542670 +0.00880486 -0.05253157 +0.44722599 +0.11601949 -0.12815200 +0.64236623 -0.34128371 -0.01401121 +0.24274449 -0.45345435 +0.09189916 -0.03282698 -0.11435383 +0.37045506 -0.27025744 +0.31821308 +0.06365375 -0.07513452 -0.05629028 +0.35065326 +0.07990133 +0.01166497 -0.03533928 -0.41103980 -0.20177600 +0.25621590 -0.11603027 -0.09598853 +0.15227406 -0.25488454 +0.02259411 -0.03733895 +0.09686682 -0.24818200 +0.10846381 -0.06784533 -0.12822676 -0.11321182
+0.02568127 -0.14192054 +0.32241982 +0.21371622 +0.10857075 +0.02622948 +0.03898794 +0.08180614 +0.06341097 +0.41096586 -0.01979204 -0.21991700 -0.11819378 -0.28670582 +0.53583890 -0.31338307 -0.08112274 +0.09629055 +0.22553210 -0.08627106 -0.30787897 -0.06606105 +0.06316131 -0.42141014 -0.53634304 -0.14954735 +0.25417760 +0.31288919 -0.22480704 +0.15956835 -0.00758644 -0.00969513 +0.24957225 +0.31763908 -0.11646666 +0.32817209 -0.37555856 +0.00489830 +0.17260684 -0.16930486 -0.16190770 -0.32750794 -0.02935667 -0.07031735 -0.13323471 -0.32375431 -0.01516919 -0.04158893 +0.34120810 -0.23859543 -0.07984389 -0.24814595 -0.00079830 +0.38577607 +0.17339469 -0.20775871 -0.11943059 +0.32201418 +0.07130326 +0.32987064 +0.21177609 +0.03776713 +0.04420883 -0.08512703
+0.03033225 +0.20531654 +0.12430386 -0.27717239 +0.42648736 -0.12664682 -0.21370946 -0.25252518 +0.07908743 -0.42291161 +0.22939137 -0.15259469 +0.01145678 -0.49069366 -0.13498285 -0.06037015 +0.07702471 +0.02468290 -0.08559825 +0.07879272 -0.13192150 -0.10843381 +0.64246655 -0.51838356 -0.01528702 +0.07135693 -0.03076248 -0.29095563 +0.02085068 -0.01276861 -0.08929766 +0.17063464 -0.03493388 +0.28925881 -0.21750571 +0.67625421 -0.04436017 +0.18673651 -0.07802508 -0.20662537 -0.23481914 +0.34753647 +0.17370994 +0.03205934 +0.14031526 +0.35650679 -0.08412432 +0.11702686 +0.28051060 +0.31735381 +0.26751649 +0.33155277 +0.01823870 -0.05640362 -0.27914411 +0.35851398 +0.27676770 +0.01864490 -0.05340337 -0.20427789 +0.05534127 +0.04488815 -0.00371247 +0.12779491

