-0.05400110 +0.02217548 +0.11655527 -0.05323739 +0.02622427 +0.00549098 -0.07787285 -0.04015214 +0.05085535 +0.02474377 +0.08879656 -0.03862258 +0.01762657 +0.00981925 -0.07427459 +0.06040530 -0.02079519 +0.08351509 -0.04854335 +0.03572592 +0.02342966 -0.10538736 +0.05445878 +0.07651602 +0.05459874 +0.00040719 +0.05604500 +0.07060833 +0.03607358 -0.00662834 -0.04147572 +0.06132446 +0.02389016 -0.02116649 -0.10763653 +0.07301992 -0.07352162 +0.06013451 +0.09088690 +0.01858720 -0.04089296 -0.07229145 +0.11506628 +0.03964932 +0.07510711 -0.03399815 -0.02678882 +0.06488998 -0.03084421 -0.06400266 -0.05947983 +0.03321471 -0.09887091 +0.00047760 +0.00691453 +0.02784733 +0.15644334 +0.07709005 -0.03617108 +0.04537845 -0.01352113 -0.07558219 +0.00711754 -0.12281004 +0.07697128 +0.07693226 +0.03307468 +0.02155827 +0.02644767 +0.06236790 -0.04132164 +0.03019051 -0.00918375 -0.07949195 +0.02917374 +0.01815299 -0.06565797 -0.03738344 -0.05309780 -0.06686433 +0.07201292 -0.08025480 +0.11152022 -0.11965667 -0.03376691 -0.04475471 +0.03963146 -0.05787133 -0.05684869 -0.03663008 -0.04590475 +0.00424581 +0.04854790 -0.04061404 -0.04314489 +0.01305077 -0.06676833 -0.01165005 -0.04712245 -0.02645752 +0.04995692 -0.02813766 -0.03987160 +0.04459120 +0.05691552 -0.06679139 -0.05086412 +0.13759834 +0.01253718 -0.07523865 -0.01067520 -0.05312901 +0.05618086 +0.08047815 +0.02345782 -0.05663526 +0.01549103 -0.04952602 +0.05918546 -0.07236034 -0.04400298 -0.02238248 +0.03156465 +0.07741583 +0.00150210 -0.05326878 +0.06055335 -0.08548553
-0.02085108 -0.09762343 -0.07192065 +0.05961417 -0.04913184 -0.03926400 -0.00530230 -0.02271067 +0.12744422 -0.00771891 -0.10191185 -0.08997181 +0.02270942 -0.06546687 +0.22417912 +0.11639433 -0.09107495 +0.03878377 -0.00404401 +0.07667666 -0.07749509 +0.05328703 +0.05134649 +0.08328251 +0.01970069 -0.14113602 -0.02120555 -0.00825177 +0.15424971 +0.08186628 +0.16798772 +0.05618142 -0.06216476 +0.14249179 +0.02434673 +0.10241149 +0.04405792 +0.03825803 +0.04684691 -0.08765765 -0.05368297 -0.04502954 +0.05634949 -0.19603512 +0.03579827 -0.06534215 -0.01664375 +0.16268544 -0.00166990 +0.10348006 -0.04500302 -0.07405484 -0.09156859 +0.01611055 -0.06836091 -0.04641352 -0.00273561 -0.01187421 +0.18836416 +0.06339099 +0.03168244 +0.00483548 +0.05987500 +0.08710027 -0.04380668 +0.01307291 +0.07502097 +0.03603623 -0.12114444 +0.02959172 +0.06703785 +0.10421158 +0.03662073 +0.06153540 +0.14726131 -0.05477810 -0.05014011 +0.07410602 -0.08157318 +0.10550464 -0.08643272 -0.12791799 +0.09350543 -0.02723979 +0.05386633 +0.06987091 +0.05536866 +0.09516495 +0.00114635 +0.04969062 -0.00988525 -0.06104952 +0.10682822 +0.07198887 +0.02322122 -0.02832517 +0.09157035 +0.08500314 +0.23906828 -0.01295401 +0.00854051 +0.03642420 +0.05000420 +0.02985165 -0.01972239 -0.11374845 -0.03602198 +0.05834525 +0.13356258 -0.07808548 -0.03155825 -0.11123726 -0.12364075 -0.02347757 +0.07236011 -0.04520985 -0.12833914 +0.01821987 -0.02957818 +0.09536432 -0.02242224 -0.01622025 -0.03394025 -0.09533080 +0.04126258 +0.00524277 +0.12211176 -0.03157001
-0.00283513 -0.00364757 +0.09021249 +0.11641935 +0.07307700 -0.07375586 +0.13080414 -0.11763009 -0.02459521 -0.01085464 +0.02526145 +0.08997280 -0.05962353 +0.06359921 -0.16737707 +0.06464513 +0.06295925 -0.05803199 +0.04214709 +0.04118816 -0.10210976 +0.06014680 -0.09984185 +0.04031088 +0.02035902 -0.03253937 -0.10382360 +0.02805741 -0.04086303 +0.03000052 +0.06991168 -0.06958771 +0.01526257 +0.14337063 -0.07453928 -0.01612457 +0.01868780 +0.00649156 +0.06943502 +0.16335231 -0.02608868 -0.06101326 -0.05426072 -0.06927676 +0.03710344 -0.01294711 -0.06530403 -0.08969979 +0.04639445 -0.03062627 -0.08088859 +0.16449067 -0.08753812 +0.04708873 -0.08181467 -0.06067963 -0.04548427 -0.05996879 +0.22677054 +0.08315621 +0.03769758 +0.04897998 +0.00120564 +0.07656825 -0.15971017 +0.03306754 +0.09969179 -0.05520342 +0.07529092 -0.06369142 +0.00107027 +0.11032980 +0.06152236 -0.08833688 +0.00985686 -0.09017006 -0.04226525 -0.10108477 +0.05577491 -0.03615369 -0.07629088 +0.01726968 -0.04317979 +0.10619847 -0.03791291 +0.02280608 +0.04257758 +0.00236350 -0.01227551 -0.10362321 +0.09464309 -0.05985115 +0.00273135 +0.07062371 +0.03032880 -0.01971400 -0.00287623 +0.08988772 +0.01110377 -0.04868759 +0.07103906 +0.00706238 -0.08228416 +0.01459556 -0.04197872 -0.06428708 -0.01577149 -0.01200765 +0.01293623 +0.03103254 +0.08104088 +0.07525850 +0.01485272 +0.07041395 +0.06614273 -0.05550252 +0.03128962 +0.05520752 +0.02970320 -0.04648621 -0.03023858 +0.11970459 -0.00001714 +0.08280098 -0.08780415 -0.01214590 +0.05115682 -0.00577336
-0.03977828 -0.13835645 +0.08605993 +0.03068248 +0.05972819 +0.20782587 -0.06145299 -0.08682163 -0.12368478 +0.08965585 +0.03385874 -0.00362226 +0.04285293 +0.07587232 -0.19514267 +0.06464593 -0.06197333 +0.04570682 -0.01540855 -0.01383744 -0.07236411 -0.08456968 -0.06026798 -0.07542095 -0.06956477 +0.19612087 +0.03059658 +0.07665776 -0.11722744 -0.05019814 -0.02021414 +0.06394254 +0.08499840 +0.11750183 -0.09125123 -0.07254721 -0.11637041 +0.07794783 +0.11509722 -0.17481761 +0.04580913 -0.04333413 +0.00876269 +0.16256391 +0.10311283 -0.00187314 -0.06839655 +0.10118683 -0.09411307 +0.04465448 +0.11802342 -0.04829840 +0.11714707 -0.09820893 +0.04866495 +0.03922037 +0.10960531 -0.01402931 -0.05696854 -0.13419756 -0.05664316 +0.11734302 -0.02941530 -0.00898829 +0.20378126 +0.16936564 +0.17571482 +0.18440206 +0.11169735 +0.03706590 +0.16392978 +0.09181325 -0.04617288 +0.10259770 -0.06414253 +0.11659140 +0.12632017 -0.02525623 -0.13330847 -0.10861456 +0.10803892 -0.12426095 +0.06134991 +0.05368813 +0.06910042 +0.07063311 +0.00972363 -0.06263336 -0.04451446 +0.08404467 -0.07063454 -0.09923562 +0.06718087 -0.04577228 +0.03523396 +0.05550524 +0.02811423 -0.07190046 -0.10325005 +0.10708901 -0.06164320 -0.12987109 -0.06166277 -0.04905932 -0.16259304 +0.09958442 +0.07755870 +0.10555114 -0.08150081 +0.12793966 -0.00663091 -0.03168892 +0.13556728 +0.00482658 +0.03316011 -0.02190637 -0.01242590 +0.00187265 -0.09181813 +0.00008966 -0.12598050 +0.07015380 -0.00360105 +0.19432430 +0.07598092 +0.11407875 -0.13525406 -0.01781347
-0.05621485 +0.13766560 -0.11557283 +0.13694313 +0.05351113 -0.13609411 +0.19805463 -0.10630921 +0.09857562 -0.04906963 +0.10125165 +0.02954295 -0.02680160 -0.07073944 -0.09614560 +0.07760032 +0.11038110 -0.06877910 -0.02127613 +0.09876735 -0.00895007 +0.09603055 +0.01906007 +0.09809378 +0.02879874 -0.16484721 -0.12090751 -0.05622433 +0.04044556 +0.04085398 -0.06504502 -0.11532315 -0.05573621 +0.00348336 +0.06066297 -0.07110907 +0.03872605 -0.13069798 +0.00396595 +0.25362539 -0.11120139 -0.08628452 +0.05101845 -0.07573529 +0.05542927 +0.06306456 -0.03385634 -0.11643639 -0.00182055 -0.09908905 -0.06783313 +0.21804036 -0.05955326 +0.12259518 +0.05996755 +0.01878817 +0.00146395 -0.08871317 +0.23905453 -0.00878742 +0.04220154 -0.05266159 +0.04257207 +0.20890099 -0.05668386 -0.08453837 +0.04960973 -0.15591969 +0.06303342 -0.05476267 -0.07444313 -0.03217366 +0.01302161 -0.00359102 +0.10582899 -0.17634448 +0.07924622 -0.04913232 +0.12306524 +0.02679534 -0.07737347 -0.02179794 -0.07206586 -0.01642953 -0.00637460 +0.07941265 -0.04249245 -0.03386163 -0.03287073 +0.06069761 +0.07695818 -0.08464766 +0.00664820 -0.04940547 -0.03194092 -0.08274458 +0.06471481 +0.04558048 +0.08263913 -0.08267207 +0.21631566 +0.07339351 +0.05328114 +0.07140705 +0.01288845 -0.10471238 -0.00466085 -0.06101151 -0.00513035 -0.10732223 -0.08090834 +0.12993775 +0.10290655 +0.08190347 +0.10960798 +0.05154948 -0.03187827 +0.00683730 +0.09959489 +0.04370314 +0.12295679 +0.03770266 -0.03580310 +0.01674449 -0.03697941 +0.02618078 +0.15439852 +0.06638591
+0.07487714 +0.05388220 +0.14218499 -0.06476297 -0.03906367 +0.18894841 +0.03567442 -0.03062081 -0.03629931 -0.09125036 -0.04279534 -0.05841212 -0.05825117 -0.03695957 -0.11379970 +0.01533070 +0.06995514 +0.07991071 -0.08564162 -0.12866940 +0.04793321 -0.10962243 +0.03162063 +0.17411014 -0.01930873 +0.00264798 +0.04205807 +0.06996100 -0.05247723 -0.04241737 -0.01347909 -0.02162547 -0.08852875 +0.21386980 -0.10661823 -0.07504041 -0.03645937 +0.13014434 +0.11336104 -0.04285763 +0.13778782 -0.02614374 +0.00286951 +0.09444665 +0.01603820 -0.09254106 +0.03674681 +0.10977659 -0.08875888 -0.10694346 -0.04871279 +0.01669045 -0.12209383 +0.06377333 -0.04925288 -0.04318128 +0.19791888 -0.07807707 +0.07663375 -0.03605979 -0.06135793 -0.03897402 +0.03923075 -0.13849489 +0.03772291 +0.15503117 +0.11775272 -0.02779473 +0.01044507 -0.04555681 +0.07566604 +0.02828270 -0.06596717 -0.07971892 +0.07006899 +0.08157826 -0.06731551 +0.05311634 -0.02531369 +0.01856041 +0.01331495 -0.14968883 +0.18156068 +0.01800236 -0.09295423 +0.10991210 -0.00412768 +0.06847696 -0.04697430 -0.10451008 -0.09119514 +0.01731125 -0.01608453 -0.03866721 +0.01882677 +0.05865880 +0.02611787 +0.06299282 +0.06897484 -0.02278737 -0.05666940 -0.09186996 -0.16676353 +0.05343859 +0.04657123 +0.04936855 -0.01370649 +0.16911346 -0.02436328 +0.05427868 +0.07817119 +0.00535342 +0.14533381 -0.07091068 +0.03936623 -0.10919745 -0.06389825 +0.09980800 +0.12406767 -0.00620684 +0.04543396 -0.02981383 -0.00151303 +0.04708521 +0.03321240 +0.11125634 +0.03861476 +0.02928855
+0.06871063 +0.13709317 +0.06447887 +0.06307072 +0.04160569 -0.02823991 +0.01158826 -0.01252024 +0.05681064 -0.03938509 +0.07488386 +0.03390924 +0.03459951 -0.06950185 -0.08327590 +0.02138170 -0.07061931 -0.06231057 +0.05279265 -0.07416472 +0.04590340 +0.04225700 +0.04795452 +0.05374357 -0.12048075 -0.00916680 +0.00624139 -0.05888256 +0.05967019 -0.08847196 -0.06075194 +0.02495715 -0.08757347 +0.11100252 -0.01133577 -0.02635129 +0.11302362 +0.01039024 +0.05521597 +0.04517137 +0.03961333 -0.02336214 +0.10042539 +0.06650902 -0.02389924 +0.08318063 +0.13212226 -0.09653758 +0.04917721 +0.05452837 -0.10277109 +0.10388680 -0.02939254 +0.04834362 +0.01875687 -0.02330283 -0.01959424 -0.04753111 -0.03737890 +0.04204957 +0.00755792 -0.11782246 +0.08668364 +0.11155831 -0.09634671 -0.07296090 -0.05536602 +0.02442258 +0.06260426 +0.04940907 +0.03783715 +0.01806700 +0.00226784 -0.11757184 -0.05390161 +0.00930437 -0.06077268 +0.01190328 -0.03688402 -0.04772701 +0.03990751 -0.00183695 +0.10292026 -0.01096303 -0.08953198 +0.06394943 -0.00174779 -0.04759131 +0.00643527 -0.07312341 +0.05084375 +0.04645749 +0.09311992 +0.04151373 -0.08290026 +0.07154162 +0.01311348 -0.04637683 -0.00829621 -0.06549721 +0.03065796 +0.06117439 -0.04495422 -0.02231935 +0.10331952 -0.11615111 +0.07609168 -0.09014346 -0.09106851 +0.00492240 -0.00485153 +0.10993671 +0.01677620 +0.06624497 +0.05641485 +0.06007808 +0.10963076 +0.04015913 -0.04471210 -0.08697672 +0.09483320 +0.19122398 -0.05586348 +0.09380251 -0.01291768 -0.03870084 +0.05511490 -0.07200938
+0.03538994 +0.14257218 +0.12595902 +0.01118480 -0.01357406 +0.00539256 +0.00716682 +0.11808266 -0.06847001 -0.00130113 +0.08820018 -0.02747360 +0.07237843 -0.06771152 -0.03800164 +0.03061333 -0.02095559 -0.02119370 -0.11558361 +0.01729683 -0.07443760 -0.05822887 +0.06862863 +0.07980540 -0.04525919 +0.08986465 +0.05967050 +0.09490541 +0.01557574 +0.02223767 -0.05068009 -0.01205769 -0.03585397 +0.13781549 -0.11943450 -0.11212335 +0.09282729 +0.08700994 +0.08190765 +0.01298073 +0.13155544 +0.00605937 +0.11667328 +0.12675318 +0.07464495 -0.06827567 +0.02945821 -0.05003938 +0.04578615 +0.02148576 +0.08183818 -0.07279427 -0.06109383 +0.00760291 +0.04749978 -0.08425876 -0.00787074 -0.04349294 -0.06835601 +0.00000138 +0.04001192 +0.07171889 -0.07471130 -0.03999623 +0.03964237 +0.11710113 +0.01400016 +0.00747048 +0.01315427 +0.04583534 +0.12734996 +0.10441363 -0.07927619 -0.03460173 +0.01609577 +0.12018086 -0.11450851 -0.00807113 -0.01611183 +0.09737965 -0.03721324 -0.06451457 +0.00925368 -0.03994426 +0.05148429 -0.03616300 -0.07720308 +0.08442059 -0.02862827 -0.08228579 -0.08086589 +0.07156827 +0.12331089 +0.05345590 -0.00942533 +0.01622535 +0.02842978 -0.00992029 -0.03394180 -0.01757967 +0.00200283 +0.04740254 -0.06610211 +0.02468033 -0.08393414 +0.02378505 +0.08977673 +0.08072466 -0.00144937 +0.04990059 +0.00504981 +0.02723438 +0.06770877 -0.06364176 +0.11728982 -0.00965572 -0.05161321 +0.07565205 +0.10044665 -0.01804835 -0.07783548 -0.00238464 -0.01350919 +0.12164501 +0.02420547 +0.06516979 +0.05687319 +0.07598792
+0.08400048 +0.13239203 +0.00390864 -0.16531810 -0.00234653 -0.03674072 +0.02821879 -0.03641767 -0.05058641 -0.08331074 +0.06627236 -0.06859525 -0.05312711 -0.08774162 -0.12442637 -0.13915741 +0.11985049 -0.11893167 -0.08491398 -0.11805385 +0.08938805 -0.04051199 -0.04439508 +0.10644449 +0.02605156 +0.06860361 +0.04292696 -0.03215136 -0.00398307 -0.04139531 -0.07705300 -0.18108898 +0.05210602 +0.08606738 -0.08589530 -0.09983503 -0.04661411 +0.00934672 -0.02168972 -0.07034983 +0.03747858 +0.00507565 +0.04916728 +0.18273115 +0.04053966 -0.13644871 +0.08583444 -0.06274469 -0.00455807 -0.08718827 +0.07156224 +0.01770338 -0.02244521 +0.07122976 -0.04960079 +0.09772404 +0.05587756 -0.05570278 +0.08922001 +0.08472467 +0.01122182 -0.09765729 +0.12221389 +0.03250429 +0.09646603 -0.02030356 +0.14118409 -0.08599838 +0.13374403 -0.05229345 -0.07495357 -0.06099189 -0.11679570 +0.04866261 -0.03728022 +0.11818724 +0.25731078 +0.12024450 +0.02269690 +0.13228102 -0.06418327 +0.00140540 +0.01845710 -0.07365980 -0.17855391 -0.00015024 +0.04430348 +0.00618134 +0.03912871 -0.00866836 -0.03876408 -0.02408640 +0.08022309 +0.00809483 -0.03334784 -0.01410468 +0.14046712 +0.12473329 -0.09972336 +0.06515490 +0.21359505 -0.08049905 +0.05221561 +0.04780000 -0.08009642 -0.06530154 -0.05865251 +0.02617166 +0.05621416 -0.09505771 -0.08803972 +0.11436332 +0.00774982 +0.04305954 -0.09118228 -0.09779633 +0.22874621 -0.14293377 +0.06528197 -0.01666038 +0.22640395 +0.02696123 +0.07873335 +0.01829411 -0.06651913 +0.01285525 -0.07805652 -0.06270713
+0.00018487 -0.04869747 +0.06684284 +0.15156367 +0.00651874 -0.13586535 +0.13847117 -0.07207032 -0.04247206 +0.03923747 -0.00217616 +0.08543936 -0.08195494 -0.06284312 -0.15662816 +0.06345743 -0.03229149 -0.05912316 +0.11519930 -0.03904803 +0.04969629 +0.20715830 -0.01043100 +0.10746278 +0.01025592 +0.06967507 -0.00674272 +0.02139486 -0.11193291 -0.00620950 +0.11584717 -0.01002544 +0.02638857 -0.09013217 -0.04077861 -0.07104058 +0.06522053 +0.02785702 +0.13249488 +0.07062937 +0.04886151 -0.02597619 -0.03834183 +0.21920501 +0.14846107 +0.13407983 -0.03395160 -0.05149074 -0.11668660 -0.03178772 -0.05344953 +0.12753338 +0.14129885 +0.02975595 +0.01816022 +0.04861463 -0.15304875 -0.01673245 +0.12702002 +0.02733795 -0.02377521 -0.01062300 +0.13370152 +0.10823447 +0.02979163 -0.02497074 -0.00669761 +0.05455697 +0.15263727 -0.09852674 +0.04746141 +0.00033320 +0.12650152 -0.03299656 -0.16485438 +0.04255643 +0.13045220 +0.04417107 +0.02611893 +0.03918236 +0.02250762 +0.05639542 -0.05588719 +0.12584005 +0.06413298 +0.09361798 -0.05313047 -0.15593636 +0.08859910 +0.08350318 +0.04792121 -0.09947050 -0.04638969 +0.05483800 +0.08126827 -0.06758081 +0.00810164 +0.05518859 +0.00500336 -0.11823805 +0.02640137 +0.03678967 -0.17008978 -0.03463130 -0.04600212 -0.10511976 +0.07338961 -0.06773220 -0.12724185 +0.12627083 +0.04581347 +0.10300048 +0.03814163 +0.00060735 -0.11947364 -0.02739589 +0.19763926 +0.07002760 -0.01627514 -0.09048495 +0.08370190 +0.20242976 +0.08287023 +0.12624831 +0.06735390 -0.06867409 -0.12512003 +0.09313860
-0.01496688 +0.10600907 -0.03725786 -0.00967722 -0.03703608 +0.02667524 +0.14976458 -0.04266309 +0.08123447 -0.01100205 -0.04683581 +0.05900744 -0.02865470 -0.00234846 +0.06941070 +0.06750820 +0.03036705 +0.03458934 +0.04035484 +0.05799254 -0.01575928 -0.07028970 -0.02318507 +0.11741995 +0.06911279 -0.05216434 -0.05779644 +0.00094980 -0.02529156 +0.01651721 +0.06002244 -0.05618612 +0.03108913 -0.08914278 +0.09870078 -0.00213003 +0.01383313 -0.03106227 -0.00379610 +0.11014461 +0.05083705 -0.02460162 -0.12297036 -0.09723900 -0.07922382 +0.11956341 +0.08872963 +0.10349107 -0.03163409 +0.04514758 +0.05437501 +0.12850946 -0.05329894 +0.13149251 +0.02205100 -0.03823427 -0.04710149 -0.05526851 +0.09394288 +0.11220136 +0.09996018 +0.01192382 +0.08741615 +0.04913419 -0.04104932 -0.09598392 +0.00828116 -0.07235509 +0.04702657 +0.04035579 -0.04692996 +0.04850571 +0.07421013 +0.00043282 +0.18015110 +0.06925569 -0.05877921 -0.12666900 +0.14593104 -0.06529994 +0.02980200 +0.06289242 +0.05524970 +0.09552582 +0.04043167 +0.06846020 +0.05778474 +0.07512321 +0.06516448 +0.02679970 -0.02375156 +0.00922528 +0.02072357 +0.05509681 -0.02969833 -0.03266242 +0.08240055 +0.02403555 -0.10449632 -0.02825853 -0.00595169 +0.06905213 +0.17239007 +0.01017539 -0.06115527 +0.03805501 +0.08986223 -0.02753825 +0.10813143 +0.04598863 -0.04164166 -0.05306290 -0.11937967 +0.04554353 +0.11383738 -0.00390664 -0.04994986 +0.08808568 +0.02836462 -0.08648812 +0.00576643 +0.07687637 -0.01949336 -0.10014728 -0.07701226 -0.12489469 +0.06027339 -0.01828957
+0.05176341 -0.06084875 +0.14865471 -0.05812988 -0.03510245 +0.23870113 -0.07065420 +0.06789506 -0.00310393 +0.05440607 +0.03940505 -0.01497880 -0.02201992 -0.09478353 +0.01747503 +0.06114644 -0.03271089 +0.05477237 -0.08189477 +0.09595928 +0.03182486 -0.10550524 +0.02461729 +0.14460710 +0.02729354 +0.03695530 +0.08385332 +0.06033365 -0.11435851 -0.14358780 -0.00208979 -0.00106449 +0.06179194 +0.21746430 -0.08069993 -0.08984413 +0.02568859 +0.16358590 -0.01274472 +0.06607714 +0.19736889 +0.02706555 +0.07700674 -0.07712498 +0.01276935 -0.13379107 +0.04911196 +0.00023350 +0.10183384 +0.01284363 -0.04450485 +0.04281070 -0.00530190 -0.02134768 -0.06090968 -0.09283317 +0.13155353 +0.05017309 -0.09631361 +0.01723357 -0.01720821 -0.00467735 -0.02940999 -0.15882008 +0.00239876 +0.03391314 -0.06675760 -0.08274605 -0.10262635 +0.00868680 +0.08218661 +0.02314717 +0.01526855 -0.05434725 +0.08883106 +0.05241777 -0.12751846 +0.00814600 -0.06570636 +0.11030553 -0.04900016 -0.13157733 +0.19265479 +0.00554223 -0.11399191 +0.14292459 +0.08062911 +0.04808251 +0.06522720 +0.00120536 -0.07369408 +0.08220199 +0.05189780 +0.07832668 -0.03472145 +0.05777667 +0.00691884 +0.02844481 -0.03091631 +0.13262799 -0.12652545 -0.03771297 +0.02242983 +0.00793774 -0.07896452 +0.02548756 +0.05521948 +0.09215730 -0.04848462 +0.08656996 -0.10305938 -0.11018228 +0.13472949 +0.04885438 +0.10950708 -0.14021157 -0.04894748 -0.00127911 +0.11128745 +0.11630955 +0.07332760 -0.02659513 -0.01930306 +0.07845352 +0.04394600 -0.01942086 -0.00175186 +0.04877859
-0.00762051 -0.02253096 -0.06367294 -0.05039331 +0.02913946 -0.07292090 +0.07424533 +0.02535764 +0.06085790 +0.05946413 +0.07158291 -0.06950600 -0.04295857 +0.05794498 -0.05049394 -0.07498376 +0.10952996 -0.08410554 -0.08635987 +0.05141460 -0.00799310 +0.08104645 +0.01429278 +0.02847659 -0.08092556 +0.01634878 -0.01095137 -0.00145330 -0.01943635 +0.08235890 +0.06478364 -0.07148259 +0.01042991 -0.03529486 -0.07347202 -0.09482852 -0.02532088 +0.03392922 +0.01369196 +0.02764184 +0.01256679 -0.07926696 +0.05184545 +0.06366592 +0.02630267 +0.02143886 -0.05640434 -0.00139949 +0.06283340 +0.06044871 -0.02448561 -0.05236677 +0.06541176 -0.02663657 +0.01819059 -0.04288330 +0.02725348 -0.04865729 +0.05099823 +0.01094847 -0.05141163 +0.07676230 -0.02473743 -0.02894463 -0.06889715 +0.07693867 +0.05054619 +0.02106841 -0.02016350 -0.02584392 +0.04525363 +0.01240668 +0.02528140 -0.02327176 +0.02713582 -0.06367269 +0.02189150 +0.04200570 +0.04249999 +0.03800451 +0.01782488 +0.02078384 -0.00949660 +0.06823318 -0.00233036 -0.07395332 +0.01581672 +0.04164511 +0.00225246 +0.00494628 -0.00496544 +0.01299545 +0.00863463 -0.06031380 +0.04504424 +0.02458696 +0.05539650 -0.07536249 -0.07370827 +0.09025133 -0.06549903 +0.03201500 -0.02469154 +0.00665049 +0.09420567 +0.02405449 +0.07992255 -0.04919665 -0.07626811 -0.08157918 -0.04864390 +0.02073380 -0.00540968 +0.07842630 +0.03021432 +0.01511077 -0.02848290 +0.06908014 -0.06508011 +0.02188354 +0.04379952 -0.00248105 -0.03457445 +0.02289175 +0.00954380 -0.05015129 +0.02446103 +0.08084410
+0.07338022 +0.15942928 +0.06355734 -0.10493252 -0.07027352 +0.04561941 +0.02684947 +0.02485107 -0.09272463 +0.07318214 +0.05956243 -0.00644953 -0.01625010 -0.05971484 +0.21215627 -0.06920496 +0.02638691 +0.09875656 -0.10534813 -0.01748353 +0.00074707 +0.05303338 +0.07558826 +0.01127093 -0.06169933 -0.01049651 +0.18617387 +0.08728059 +0.08829965 +0.05249135 -0.05169257 +0.03526916 -0.02560677 +0.14771301 -0.06838479 +0.04134301 +0.16161825 +0.04887528 +0.10228369 -0.15507521 +0.04465638 -0.06262000 +0.11482951 -0.12036488 -0.05917548 -0.24048725 +0.23474608 +0.06155500 -0.12776397 +0.04131255 +0.08876911 -0.00293265 -0.08001970 +0.04426291 +0.09397086 -0.05216640 +0.00824066 +0.03490279 -0.18378320 -0.02497439 -0.08810247 +0.09241169 +0.00714112 -0.08063715 +0.07479021 +0.24228516 +0.01075610 -0.20308533 +0.07083207 +0.03378870 +0.07628940 -0.08075073 -0.18421496 +0.08804014 -0.02460434 +0.21594667 +0.00834180 +0.14116766 +0.10720268 +0.15229897 +0.04911621 -0.02521030 +0.26334789 -0.08000534 -0.03298488 -0.05168388 +0.07598217 +0.03566543 +0.05854801 +0.02835582 -0.05579909 +0.11204553 +0.08711434 +0.03367726 +0.01577751 +0.03287913 -0.00730701 -0.06266765 +0.18982290 +0.02864764 +0.00859741 +0.06136170 -0.00070125 +0.09376334 +0.08608291 -0.08211562 +0.02671290 -0.00276287 +0.04343701 -0.12367702 -0.00975275 -0.18554121 -0.09117436 -0.03659939 +0.10439858 -0.04351421 -0.15981859 -0.02207848 -0.09676221 -0.06070385 -0.05638514 +0.02391373 +0.13542631 +0.04207474 +0.05757059 -0.00453381 -0.06045307 +0.06963424
-0.05016293 -0.07110409 +0.19751610 +0.15853617 +0.02781293 -0.01050456 +0.02173541 +0.00662152 -0.07838503 -0.02802183 -0.04075141 +0.09913052 -0.00391400 -0.00723262 +0.05411294 +0.05528278 -0.06053247 +0.02154055 -0.03868995 -0.04184200 -0.11745105 -0.09899024 -0.11160734 -0.16593039 +0.17658105 -0.04136461 +0.00189002 +0.11094485 -0.05813379 +0.04533789 +0.15272138 +0.11823492 -0.07720830 +0.12012628 -0.02051383 +0.01128542 +0.00476789 +0.02474426 +0.03024822 -0.03689506 +0.01518394 +0.01657631 -0.06188440 +0.01599347 +0.00161856 +0.06138090 -0.08693695 -0.08512376 +0.05878127 -0.05664007 +0.13225624 -0.03366819 +0.17420366 -0.18943220 +0.03970155 -0.10092376 +0.07754122 -0.06087963 +0.13976745 -0.14674085 -0.09762008 +0.15180907 -0.08200163 +0.10893967 +0.02587809 -0.07214458 +0.21397896 +0.02128776 -0.05628260 -0.07347661 +0.11613996 +0.06120668 -0.04163143 +0.03716492 -0.04278344 +0.07595274 -0.20817062 -0.05044090 -0.08382510 -0.12482084 -0.06901135 -0.06934036 -0.13031100 +0.09934121 +0.12572038 +0.06092100 +0.07612574 -0.03825806 -0.14613315 -0.07218158 -0.02887399 +0.11576578 -0.06720026 +0.02478348 -0.08982515 +0.06116543 -0.07293315 +0.02609623 +0.23426090 -0.02179860 -0.01783336 +0.08464073 -0.07414798 +0.05854953 -0.08539461 -0.04852380 +0.17071518 -0.11999835 -0.08448329 +0.20100865 -0.03487613 +0.01556841 -0.12488494 -0.01802237 -0.10578218 -0.13000023 +0.05427105 +0.18946989 +0.07607295 -0.08099038 -0.06719565 -0.08102964 +0.13988619 +0.08523335 +0.04421867 +0.04311458 -0.07070842 +0.06937888
+0.00916373 +0.20068441 +0.04984844 -0.13899899 -0.06903961 -0.15396775 +0.22776714 -0.08856701 -0.10344315 +0.01560627 +0.06616895 -0.06434196 -0.04946705 -0.04752906 -0.00736777 -0.15312752 +0.17729867 -0.03386625 -0.11486230 -0.06925022 -0.06040050 +0.02512173 +0.09734139 +0.05749965 -0.05132348 -0.15028201 +0.05861357 -0.07409728 -0.06697009 -0.09422207 -0.02696200 -0.25239325 +0.03489968 -0.03623242 -0.07072973 -0.07304812 +0.17746435 -0.05599944 -0.02657532 +0.06687628 -0.05676974 -0.05495804 +0.11562835 +0.12893549 +0.08802855 -0.06130353 +0.04836877 -0.00014478 -0.11434814 -0.09235931 -0.04696245 +0.22177967 -0.01872705 +0.19866885 +0.13354692 +0.05147536 -0.04693605 -0.09518552 +0.09313095 +0.00536933 -0.09706021 -0.03476180 +0.12287913 -0.07055473 -0.10060381 +0.04195345 +0.06311113 -0.18966106 +0.22086367 -0.09377846 -0.09822426 -0.13967672 -0.09379157 +0.01039956 +0.02685465 +0.01066415 +0.21583073 +0.04853991 +0.13502556 +0.03368271 +0.01996960 +0.02734799 +0.03882907 -0.18281442 -0.28453168 -0.11879161 +0.01449331 -0.08817156 -0.02368703 +0.00959261 +0.06195140 -0.01603452 +0.04389282 +0.04762011 +0.03357851 -0.07549156 +0.16285278 +0.08067355 -0.00252926 +0.00980049 +0.23725390 +0.02321505 +0.05650659 -0.04371472 +0.12613741 -0.13159527 -0.08517303 -0.16814792 +0.10007659 -0.23247215 -0.09989555 -0.04432877 -0.09387915 +0.07575031 -0.04748512 +0.02912051 +0.04545585 -0.03834842 +0.04191738 +0.01591712 +0.21445802 +0.07138223 -0.05155524 -0.06451673 +0.07789043 -0.06629149 +0.10728095 -0.01250517
+0.02128128 -0.02311785 -0.05253551 -0.07287787 +0.10354836 +0.03732986 -0.01255575 +0.07917794 -0.07214212 -0.01240549 +0.08625551 +0.05933392 +0.02171675 +0.07299051 +0.04241046 -0.03032683 +0.06222933 -0.05704105 +0.03442009 -0.07205460 +0.02149567 +0.06600457 +0.01650214 +0.08608706 -0.09885078 +0.08888371 -0.01241664 -0.08676147 +0.03298334 +0.06687055 +0.00926196 -0.02050846 +0.09115812 -0.12683675 -0.00530257 +0.02166348 -0.03199946 -0.01524247 +0.07289433 +0.05876524 -0.06362622 +0.05350789 +0.03113422 +0.09532782 +0.08297548 +0.03243439 +0.07412147 +0.06924459 -0.02586910 -0.04110564 +0.00932982 -0.04083226 +0.06352402 -0.03978252 +0.07752594 -0.07321954 -0.06594062 -0.06981532 -0.08048024 +0.10469719 -0.04285596 +0.06878492 +0.08581743 -0.07401279 -0.05740272 -0.08779066 -0.05402769 -0.06706878 -0.00777307 +0.08683856 -0.07659398 +0.04510396 +0.01795106 +0.03534676 -0.07530880 -0.06543894 +0.01371374 +0.02680976 -0.01475521 +0.04168458 -0.07983462 +0.04803650 -0.08805757 -0.02053466 +0.00351110 +0.04559947 +0.02995839 +0.08178198 +0.06363799 +0.02377695 -0.06947645 +0.08581112 -0.00569176 +0.02933250 -0.07880073 -0.05134081 -0.01668241 -0.01064430 -0.10510140 +0.05275995 +0.03870449 +0.03643021 -0.03390516 -0.06975599 +0.01124350 -0.03014816 +0.05904566 +0.01752368 +0.01212931 +0.03720587 +0.05690850 +0.02349885 -0.07305425 +0.05683104 -0.11293466 +0.07519250 +0.05946928 -0.00749525 +0.00329358 +0.01569865 +0.03630170 +0.01671961 +0.07078006 -0.01334424 +0.00275423 +0.02385494 -0.08495680 -0.06298728
-0.08659612 +0.07762530 +0.02739882 -0.03460288 -0.07455190 +0.02140865 +0.02069003 -0.01820000 -0.05378117 -0.08349892 -0.01454820 +0.05464818 +0.04741393 +0.04138650 -0.04603586 -0.03987639 -0.01250821 -0.03750657 +0.06256578 -0.07763685 -0.00679862 +0.00225094 -0.07089754 +0.06496092 -0.07177757 +0.06216014 +0.05193683 -0.03132464 -0.04906220 -0.07683373 -0.03661576 +0.04639178 +0.04962875 -0.02240893 -0.02081374 -0.01064257 +0.02818676 -0.02878284 -0.06683363 -0.03487171 -0.08590756 -0.05185750 -0.05265213 +0.05435972 +0.01292944 +0.00391637 -0.04627091 +0.06046477 -0.02511098 +0.05062151 +0.07737954 -0.06106856 -0.04424451 -0.02522665 +0.01815530 -0.01492513 -0.02339721 -0.00652141 -0.01634961 -0.02931274 +0.05866161 -0.07552736 +0.06899171 -0.03412444 -0.05747982 -0.05532753 -0.06815714 -0.02625298 -0.08199284 -0.07802039 -0.00317509 -0.05202458 -0.08521985 +0.01936424 -0.02705699 -0.01109905 +0.02291298 -0.05038121 -0.08574143 -0.08592447 +0.03850737 +0.04186258 +0.05811325 -0.05269353 +0.05852846 -0.05353523 +0.07566857 +0.02163738 -0.04446298 +0.00835859 +0.04833153 -0.03702467 +0.03822340 -0.03577483 -0.00025795 +0.05409461 -0.07362047 +0.08245368 +0.06704203 -0.00968678 +0.03575783 -0.08072614 +0.06515330 +0.07210030 +0.00375519 +0.00137380 -0.07131974 +0.04004482 -0.07454865 +0.00360363 +0.02121130 -0.05223625 +0.01275854 -0.03022835 -0.04463454 +0.02453113 -0.02109792 +0.04614717 -0.08776101 +0.02683887 -0.05188974 -0.01359209 +0.01551509 +0.04100890 +0.04077799 +0.02703349 +0.07598479 +0.01601833
+0.09116740 -0.05428278 +0.06941849 -0.05713270 -0.07092915 +0.08026639 +0.08008006 -0.01341045 -0.04298487 +0.03643365 +0.06746609 +0.08421039 +0.07591870 +0.09922856 -0.16286403 +0.12622398 -0.06423879 -0.00004244 +0.07366969 +0.02175256 -0.00053989 +0.01654630 -0.13267587 -0.02038186 +0.11580299 +0.13400160 -0.01918063 +0.05766001 -0.14417519 +0.07114418 +0.09890424 +0.05552539 +0.10517158 -0.06966837 -0.10436095 +0.08649068 -0.07641975 -0.01517733 -0.05430128 -0.10590944 -0.07907778 -0.05067952 -0.06826819 +0.13849863 -0.05116931 -0.08793171 +0.05398535 +0.08252567 -0.08701820 +0.06534331 -0.02092929 +0.09606712 +0.06913763 +0.04366590 -0.04328103 +0.09939316 -0.00627704 +0.08326779 -0.06247669 -0.07696807 -0.05716504 +0.11286522 +0.03233762 -0.02812015 +0.04916319 +0.04557144 +0.02387664 +0.11800095 +0.02712570 -0.00150144 +0.07086940 -0.01370125 +0.00829123 -0.00898520 +0.05661761 +0.09891988 -0.01489562 +0.03243447 -0.07576141 -0.10139413 +0.12503949 -0.03316185 +0.05227323 -0.00705935 +0.07585771 -0.07778274 +0.01454789 -0.00919565 +0.01973620 +0.08226938 +0.01553798 -0.01960296 -0.09899245 +0.03185734 -0.06383884 -0.06580067 +0.01123055 +0.03677468 +0.04142780 +0.06704928 +0.07319864 -0.06648285 -0.06605375 +0.00323341 -0.12628086 -0.05195846 -0.06907029 +0.05533622 +0.01883900 +0.11694345 +0.01093236 -0.01428243 -0.01969221 +0.04905625 -0.05920789 +0.04155112 +0.07503529 +0.05763008 +0.06393101 +0.03332986 -0.07499406 +0.00105180 +0.05506367 +0.07911177 -0.05742871 +0.00549933 -0.00630062 +0.08348068
-0.04080600 +0.02595568 -0.02745755 -0.10638886 +0.00155923 +0.06278691 +0.04681960 -0.00311141 -0.04961669 +0.04315124 +0.01133533 +0.07191474 -0.06460537 -0.06840514 -0.04027085 +0.06612104 +0.00045635 +0.00496247 -0.04805217 +0.00164230 +0.02992530 -0.08363488 +0.05054687 +0.05100119 -0.06909789 -0.08883144 +0.07581425 -0.03149289 +0.08628490 -0.04272465 +0.04298664 +0.03712995 +0.01488276 -0.00648112 +0.03343811 -0.05721237 +0.05378876 -0.01013261 -0.08511279 +0.02446072 +0.06077930 +0.00799389 -0.02127788 +0.02174705 +0.07130771 +0.11261954 -0.07651222 +0.05908303 +0.08768203 -0.01214852 +0.04768153 +0.05574129 -0.07190642 -0.07202455 -0.09604745 -0.07369614 +0.02133743 +0.07610738 +0.07472281 +0.08638011 +0.00049927 -0.10244151 -0.05224533 -0.04716943 +0.06271330 -0.04319846 -0.07421058 +0.06988209 +0.04360588 -0.07115919 +0.06295732 +0.00239571 +0.02651538 +0.05502010 +0.09591061 +0.01231687 -0.01211895 +0.02410004 -0.03117703 -0.06052224 +0.05182672 -0.09271220 +0.07517001 +0.00598129 -0.05691601 +0.04037922 +0.04547232 -0.02631794 +0.06597432 -0.07827258 -0.01734061 +0.02702052 +0.05119832 +0.03616711 -0.02619685 -0.03482687 +0.07122405 -0.05246447 -0.02210329 -0.07399072 -0.05624023 -0.01477819 -0.00230106 -0.07985496 +0.05919855 -0.04076923 -0.09883597 +0.02747465 -0.01111709 +0.01845186 +0.00420446 +0.04820254 -0.04995600 -0.04709349 +0.07317522 -0.06101372 -0.09896334 +0.04909834 +0.05788102 -0.00310178 +0.01268776 -0.03030353 +0.03450973 -0.07928859 +0.01502781 -0.01562440 +0.03003269 +0.07200869
+0.08666184 +0.13269296 +0.02295881 -0.18070239 +0.01434631 +0.09378858 +0.03189767 -0.01436894 -0.02699110 +0.04221036 +0.06770836 +0.04072012 -0.05107462 +0.04899552 +0.06947814 +0.13789937 -0.11762439 +0.01504598 +0.00570278 +0.09179442 +0.00263624 +0.03408346 -0.01251865 +0.11321543 -0.09396706 +0.09343029 +0.04963277 -0.09117682 -0.13064021 -0.02178138 -0.07499380 -0.08285898 -0.08252756 -0.03259700 +0.01702360 -0.01719230 +0.18575864 +0.22429766 -0.04387776 +0.11288942 +0.10556805 -0.05328650 -0.15710542 -0.06343616 +0.05187787 +0.00292366 +0.06699648 +0.02082174 -0.09110706 -0.07117237 +0.04053140 +0.13599521 -0.01108287 +0.16706672 +0.02338820 -0.03180489 +0.02635479 -0.08622245 -0.20914277 +0.09341812 -0.03470688 +0.19950444 +0.02843519 +0.03083963 +0.10117547 +0.07209529 -0.08403718 -0.00280594 -0.05417623 +0.08568454 -0.05838583 -0.02827354 -0.06736647 -0.03922960 +0.15221077 +0.18282431 -0.12612773 +0.00780411 +0.12792026 +0.05684759 +0.24813797 +0.16500360 +0.22813961 +0.10410068 +0.01821371 +0.03474422 -0.08106327 -0.02242559 +0.05884429 +0.07248538 +0.12607959 -0.06853631 -0.01366446 +0.08646446 +0.05537377 -0.06431704 +0.04176582 -0.09369658 -0.11452395 +0.13352054 -0.08374880 -0.04349536 +0.15501334 -0.08921245 -0.07786100 +0.17006601 -0.04396451 +0.05209856 +0.03442060 +0.00128319 -0.04998249 -0.15759562 -0.07767961 +0.00633813 +0.04909303 +0.07867479 -0.14025377 +0.00838353 +0.13418682 -0.05420549 -0.13775991 -0.01561033 +0.07983927 -0.02809000 +0.05670116 +0.02763736 -0.02599463 -0.00799103
-0.07444707 +0.04037004 +0.00060890 +0.00448635 +0.09511780 -0.02842831 -0.04848886 -0.04172756 -0.00346275 +0.02054142 +0.05092187 -0.01434731 -0.08375116 +0.06913184 +0.02464906 -0.09101059 -0.08589511 -0.03817483 -0.02697297 +0.01812828 -0.07850465 -0.00320576 -0.02418972 -0.06978187 -0.08795753 +0.10092657 +0.11343107 +0.04036213 -0.07170524 +0.01697997 -0.06714147 +0.02785902 -0.01302306 +0.06088871 -0.05315119 -0.05981142 -0.01175311 -0.07150098 -0.07431256 -0.07358129 -0.04262069 +0.05852648 -0.05043847 +0.05691106 -0.08297887 +0.07701283 -0.03685628 +0.02062817 -0.03541893 -0.07560351 -0.08315427 -0.00315234 -0.02948510 -0.05833938 +0.00298831 +0.09440209 -0.03944832 -0.02758898 -0.09115339 +0.05819476 +0.05792538 +0.02686758 -0.03878053 +0.03479025 +0.04667361 +0.00810240 -0.00178288 +0.06662303 +0.04821206 +0.02146549 -0.05771777 -0.02469034 -0.01272140 -0.02946811 +0.00094030 -0.00114531 +0.09575885 +0.08804348 -0.04079296 +0.01592111 +0.11247777 -0.05791251 +0.13354081 +0.02493864 -0.08010869 +0.08199639 +0.07377327 -0.02817382 -0.06538504 -0.01765870 +0.01632626 -0.02009428 +0.09681419 +0.00837791 -0.08177073 +0.02804251 +0.04017736 -0.03166877 +0.05325865 -0.07614638 -0.09458806 -0.07075306 +0.08249518 -0.06678831 -0.07163510 -0.02685293 -0.05126270 +0.03990421 -0.07653506 -0.04058279 -0.04935234 +0.01246443 +0.03286352 -0.08222884 -0.00274728 +0.08847807 +0.00576861 -0.00161353 -0.04953019 -0.01561918 -0.06211128 +0.10453808 -0.01424149 -0.01338970 -0.06676182 +0.07713563 -0.01638146 +0.06945605
+0.00235799 +0.02547583 -0.08192628 -0.08633818 +0.04226129 +0.20369592 +0.00261466 +0.03024156 +0.08790354 +0.00094353 -0.08678674 +0.05823577 +0.04917352 -0.02785026 +0.12338737 +0.02538145 +0.20026447 -0.06326278 -0.04759700 +0.20987128 -0.02774002 -0.11675664 -0.06484068 -0.04508577 +0.14587240 -0.10586938 -0.08819884 -0.08322869 +0.01026856 -0.03331066 +0.16202046 -0.11568294 -0.05586535 +0.04079853 -0.03397080 +0.01363738 -0.09505916 +0.17377175 +0.06805585 +0.06767179 +0.18765008 +0.09163664 -0.02176091 -0.11374520 -0.00472055 +0.07034197 -0.17100485 +0.02987395 +0.10739918 -0.06339148 +0.03935397 +0.23479646 -0.13529791 -0.00998627 -0.10227850 -0.21907002 +0.05110175 +0.00851406 +0.20952240 +0.08289884 +0.04524178 +0.09220424 -0.06824179 +0.03176642 +0.01128086 -0.16901490 -0.14961265 +0.11568701 -0.11056991 -0.04513804 -0.04002856 +0.07028544 +0.13598090 -0.11826351 +0.19229780 -0.18336010 +0.02691787 +0.04464151 -0.08172301 +0.03326939 +0.01760965 -0.05784111 -0.09732187 -0.05160161 +0.11398576 +0.02845501 +0.04365724 +0.15325606 -0.08208376 -0.02764564 -0.00102051 +0.07216313 -0.05234680 -0.07732664 -0.02263116 -0.00673714 -0.02251528 +0.03056606 -0.07869502 +0.10313410 +0.03342069 -0.05752067 +0.16649170 -0.00227774 -0.07139442 +0.19402170 -0.03709249 -0.07567547 +0.17223692 +0.07599255 +0.06405945 +0.13449448 -0.16163017 +0.06460432 +0.06319498 -0.01416556 -0.06901269 -0.01131579 +0.23697624 +0.05037396 -0.08223241 -0.13867120 -0.08480385 -0.22923224 -0.06295954 -0.09037894 -0.00643666 +0.01013554
+0.02560710 +0.08348200 +0.11724932 -0.14622718 +0.16940236 +0.10315025 -0.22257319 +0.21953005 +0.03495829 -0.06030940 +0.16629173 -0.02708912 -0.03198525 -0.02024684 +0.17741317 -0.04035239 +0.14351651 -0.11175928 -0.01022835 +0.06105113 +0.02144025 +0.14302872 +0.10045861 -0.09928259 -0.19676466 +0.20026730 +0.09474155 -0.07355203 -0.10690240 -0.10296384 +0.03244676 -0.02015489 -0.06004166 -0.05695540 +0.05909517 -0.07309847 +0.09757800 +0.17703716 +0.05578639 +0.10282551 +0.05342506 -0.05915584 +0.03631487 +0.20496710 -0.07754005 +0.09428474 +0.01812217 -0.16578084 +0.13017432 +0.02850407 +0.12774901 +0.07090247 +0.15794469 +0.17846653 +0.18208875 -0.15698408 -0.28960112 -0.05512623 -0.26206103 +0.05842338 -0.11254767 +0.03588384 +0.09606702 -0.10520123 +0.09324865 -0.00084271 -0.25100216 +0.08661872 -0.03442366 +0.07400049 -0.08917597 -0.17564282 +0.13125163 +0.01563024 +0.01387714 -0.00579171 +0.04971489 +0.06098228 +0.02359980 +0.07228092 +0.20690848 +0.27425969 -0.03934172 +0.08071695 +0.17943837 -0.03266563 +0.04838552 +0.00094930 +0.04091733 -0.02630700 -0.00573231 +0.06767425 -0.03422580 +0.06418782 -0.09287651 +0.01131926 +0.09145235 +0.06170115 -0.30721176 +0.09439083 -0.18429497 -0.03535032 +0.17190942 -0.06745048 +0.04930314 +0.17764014 +0.00991265 +0.08425514 -0.07827338 +0.10857113 +0.02132162 -0.03118017 +0.05384075 -0.00291303 -0.10989916 +0.18035316 +0.18766272 -0.06603847 -0.06465289 +0.11639753 +0.11362240 +0.18733139 +0.02376746 +0.05218115 +0.00211565 +0.00682927 -0.10856245 -0.05328198
+0.08227618 -0.09560806 +0.05051189 -0.05500280 +0.09488484 +0.05297383 -0.13660647 +0.11389255 +0.10774537 -0.04412939 -0.06451632 -0.06020620 -0.00228375 +0.02650800 +0.31534436 +0.07414337 +0.06209444 +0.00646602 -0.07955754 +0.03321338 +0.06837958 -0.03933517 +0.12078822 -0.05738189 -0.07437827 +0.05667360 -0.03939360 +0.02821926 +0.15628429 +0.14922120 -0.00713392 +0.18582718 -0.02816698 +0.12851186 +0.02054606 -0.05870501 -0.05620663 -0.03169882 +0.15021406 -0.02190222 -0.05652523 +0.07031313 +0.19443297 -0.15022844 +0.01302672 -0.12398341 +0.09698676 +0.07581354 +0.10024576 +0.11326453 -0.00492514 -0.10485817 +0.01262947 -0.03360229 -0.00624911 -0.13665651 +0.04503462 +0.05059873 -0.15424702 -0.04956293 -0.03010679 -0.03340553 -0.03241742 -0.01789786 +0.18176602 +0.04544790 -0.12505572 -0.07453366 -0.20040691 +0.12943637 +0.11761545 -0.01789230 +0.04808413 +0.04599863 +0.02505454 +0.06802984 -0.11847345 -0.00831112 -0.01328668 +0.23118640 -0.11854125 +0.07397260 +0.03200287 -0.09792713 +0.09647071 +0.09917905 +0.09456766 +0.09661850 +0.08107945 -0.10500509 +0.02721800 +0.16317317 +0.16245508 -0.06400946 +0.01908639 +0.07137410 +0.07381768 -0.02542980 +0.21160299 +0.07500036 +0.06355030 -0.01373842 +0.15044621 -0.08396311 +0.13384412 +0.04583893 +0.04388163 +0.08498289 -0.03998151 +0.10731795 -0.08367077 -0.02740941 -0.06945199 -0.01872168 +0.04936048 +0.08982451 -0.01429577 +0.02346340 -0.11260676 +0.13151434 +0.02372545 -0.01218876 -0.05978089 -0.03083204 -0.00041781 +0.00435576 +0.00963509 -0.08896145
-0.03444545 -0.04704271 +0.01242345 -0.08040126 +0.00862547 +0.10607579 +0.02595180 +0.07990585 -0.08469564 -0.00380526 -0.08341517 -0.03656160 -0.01614670 -0.09146479 +0.09560808 +0.04879462 +0.03136485 -0.06239625 +0.03052020 -0.00734692 +0.09716770 -0.07487155 -0.02065965 -0.04757988 -0.09075499 +0.00746630 -0.04212726 +0.07330023 -0.03547441 -0.02457764 +0.03443903 +0.12293983 -0.06474139 -0.05448727 -0.03144825 -0.07512063 -0.06135257 +0.00235645 +0.08975496 -0.08774928 +0.07298619 +0.00495575 -0.00053603 +0.09206992 +0.04607716 +0.05437116 +0.00637195 -0.04643840 -0.09207134 -0.06843690 +0.03423751 -0.00684131 +0.05913322 +0.07367018 -0.07680185 -0.08798962 +0.07258318 +0.04138446 -0.07354392 -0.07137198 -0.02239330 -0.04804998 +0.01672370 -0.05160020 +0.06124450 -0.04483038 -0.06144299 -0.01992605 +0.06250492 -0.05202389 -0.00343143 -0.01042205 +0.00014490 +0.00473228 +0.01265110 +0.07004753 -0.04777302 -0.05820133 +0.03311283 +0.00470117 -0.05707176 -0.04851004 +0.00831167 -0.01113502 +0.09661724 +0.09874772 +0.05878974 -0.05602053 -0.05632797 -0.05620210 -0.08839013 -0.06051913 -0.05957973 -0.04745253 +0.08962705 -0.03571462 -0.04525258 +0.01417681 +0.00229194 -0.02612182 -0.04778085 -0.03982096 +0.02771372 -0.07475450 +0.04945507 -0.04435056 -0.07020048 +0.14793950 -0.03718076 +0.06132237 -0.00428828 -0.09108519 +0.10519896 +0.04330156 +0.11336702 -0.00993595 -0.00642170 -0.02832082 +0.03587163 +0.05775478 +0.01346367 +0.08744533 -0.06086981 +0.04323867 +0.02121681 -0.07147815 -0.08389507 -0.00028734
+0.07926836 +0.08729126 -0.00346562 +0.02437368 +0.04899269 +0.05424272 +0.07899459 -0.06553500 -0.05100562 +0.03172980 +0.02743924 -0.01947863 +0.00776916 +0.06918618 -0.09562702 +0.01263099 -0.11662188 -0.03366232 +0.07806134 -0.10042287 -0.07616882 +0.11791070 -0.11346801 +0.08367830 +0.09572793 +0.03614711 +0.01074922 -0.05226276 +0.05367434 +0.10368080 +0.09082657 +0.08533438 +0.07949814 -0.04172609 +0.08634650 +0.10886776 +0.04574116 -0.10054106 +0.04446825 -0.02799208 -0.01759746 -0.06540696 -0.15119307 +0.00883393 -0.00276803 +0.05257970 +0.04852142 +0.07502877 -0.02542265 +0.04589946 -0.09416589 +0.13795094 +0.00771163 +0.11282084 -0.03364796 +0.15954094 -0.08767257 -0.05295824 +0.15180133 -0.04093131 +0.04271887 +0.04970120 +0.06932119 +0.21400876 -0.14112298 +0.06381281 +0.01744054 +0.02919203 +0.13834940 -0.08959396 +0.01555885 -0.00179420 +0.12086110 +0.06365184 +0.07195644 +0.05096791 +0.07191540 -0.11179177 +0.07548113 -0.12290303 +0.11698359 +0.00415834 +0.02431082 +0.06735345 -0.05864849 -0.00968345 -0.02522904 -0.04734949 -0.01244183 +0.05047772 +0.09831364 -0.16572331 -0.09571888 -0.04793364 +0.04908727 -0.08391103 +0.01272610 -0.02323793 +0.08475079 -0.03867323 -0.00222807 +0.01254447 -0.11555019 +0.01430161 -0.03057664 -0.11248647 -0.06100514 +0.03407605 -0.03843513 +0.02194859 +0.15290937 +0.02115199 +0.03106210 +0.06474304 +0.11277083 +0.08983352 +0.06134276 -0.05912004 +0.08664818 -0.03838789 +0.06909738 +0.05721869 +0.06009072 +0.02924816 +0.00457447 -0.12841971 -0.01637040 -0.04324741
+0.02577836 +0.06875435 +0.17008303 -0.01670523 -0.04176956 -0.11670084 +0.08901991 +0.01076424 -0.08545335 +0.04826985 +0.10345104 +0.01377044 +0.00526634 -0.00646555 -0.20035571 -0.02129129 -0.01965372 +0.08972891 -0.12634487 -0.15613078 -0.11337875 +0.06524502 -0.00673957 +0.15179057 +0.03595448 +0.00105868 -0.06895351 +0.02514063 +0.01849854 -0.10345972 +0.04390631 -0.12017067 -0.06553266 +0.15559611 -0.14828759 +0.01329012 +0.07382525 +0.09427793 +0.04266111 +0.03371384 +0.04935087 -0.00249263 +0.04454572 +0.18496193 -0.01144238 -0.13786747 +0.14446123 -0.03281994 -0.05335594 -0.03949854 -0.10413855 +0.10636245 +0.01607713 +0.01068186 -0.01184174 +0.08399812 +0.07884211 -0.06994588 +0.00402108 -0.03716291 +0.00691123 -0.06478493 -0.06533920 +0.08644778 -0.06230949 +0.05747608 +0.09676006 -0.00893910 +0.00160415 +0.04577281 +0.00659466 -0.08951493 -0.08578084 +0.02783974 -0.13373870 +0.00816744 -0.03149802 +0.13595791 +0.00026468 -0.02938980 +0.09100486 -0.04773968 -0.00693866 -0.09343500 -0.12737501 +0.06299386 +0.08020528 -0.03635506 -0.03976920 -0.12461468 +0.00426181 -0.10685254 +0.13854954 +0.03556518 +0.07671373 +0.05168246 +0.00660850 +0.12856780 +0.10168664 +0.05018218 +0.11736798 +0.06084552 -0.01847332 -0.06908461 +0.00469295 -0.06677753 -0.06682609 -0.12491874 -0.08952003 +0.05257169 -0.09241986 +0.02505745 +0.07421267 -0.04161840 +0.00754297 -0.10496006 +0.13436747 +0.12418658 +0.02455302 +0.05597987 +0.02116026 +0.14513749 +0.08067437 +0.15612012 +0.08253625 +0.14225386 -0.07562289 -0.08029966
-0.06348985 +0.22357433 +0.05179952 -0.12769243 -0.09948273 -0.02744669 +0.08245123 -0.04273128 -0.05068437 -0.04222067 +0.11580405 -0.10260192 +0.08804762 +0.04323480 -0.12118392 +0.01041033 -0.05584563 -0.02584486 -0.05184433 +0.10339552 +0.07931496 +0.09729691 +0.07725719 +0.08526517 -0.01536115 +0.00063941 -0.04866733 -0.05080023 +0.00191445 -0.06657097 -0.15345739 -0.18836893 -0.04753878 -0.01264429 -0.00785291 -0.09544713 +0.05382821 +0.08399796 -0.13455839 +0.24729489 +0.02899758 -0.01551604 -0.07426684 +0.02461889 -0.01409313 -0.09152006 +0.14220992 -0.08360298 +0.09046976 +0.03056360 -0.08188884 +0.18544185 -0.00426397 +0.17646347 +0.03089794 +0.09664631 -0.05513829 -0.06154364 -0.02442599 +0.12663858 +0.06916607 +0.09185798 +0.15802485 +0.14394890 -0.04198033 -0.03885318 +0.07668439 -0.06116867 +0.01467676 +0.03035608 -0.15802196 -0.15884517 -0.11178645 +0.02082284 +0.17151958 -0.08020964 +0.03801775 +0.02410932 +0.12070807 -0.09277739 +0.19178897 +0.15493253 +0.05915235 +0.06413786 -0.11852115 -0.00616700 -0.04083800 -0.08468831 +0.01598641 -0.04854343 -0.03829665 -0.08522752 +0.10412954 +0.06853012 -0.08673971 +0.03290243 +0.11194105 -0.02185592 -0.11455231 -0.02409706 +0.16598126 +0.07427647 +0.15822485 -0.03633168 +0.04673876 -0.04280784 +0.01609820 -0.04892775 -0.01622206 -0.10930415 -0.00536093 -0.07054028 +0.01692416 +0.04317981 -0.03058552 -0.03677832 -0.10000075 -0.01339197 +0.14828922 -0.03091341 -0.05707298 +0.06788200 -0.05053597 -0.12922807 -0.06101080 +0.01580736 +0.10893282 -0.07131992
+0.06484717 +0.06560975 +0.06055658 -0.03054050 -0.02295442 -0.06216506 +0.01691726 +0.09099102 +0.03182537 -0.05390218 -0.01706253 +0.07649675 +0.05015829 +0.06176290 -0.09680179 +0.04946136 +0.03824918 -0.03113481 -0.05470554 -0.07895216 -0.08888564 +0.10671540 +0.05358421 -0.06513663 +0.02546964 +0.05710713 -0.07786571 -0.02968548 +0.08510454 -0.06830433 -0.01750148 +0.00382676 +0.04678632 +0.08172735 -0.04268916 +0.01583543 -0.05525848 +0.06443010 +0.00833037 +0.02759374 +0.05103331 -0.02919529 +0.03173761 +0.04662631 -0.03340944 +0.01750437 -0.06729537 -0.10686270 -0.03939805 +0.05395719 -0.06801825 +0.05819257 -0.03307979 -0.00409053 +0.08190072 -0.06472091 -0.06355967 -0.03593414 +0.14601541 +0.03543298 +0.00672866 +0.07911357 +0.05377666 +0.15748195 -0.08576868 -0.12039829 +0.06776234 +0.06784530 -0.01343374 +0.10376396 +0.05277024 -0.06559775 +0.09759550 -0.01839464 +0.04018406 -0.11467235 -0.04804713 -0.04987280 +0.03155343 -0.00674612 -0.08116166 +0.00509995 -0.08737502 +0.02331569 -0.05139355 -0.03748858 -0.07722657 -0.01827839 -0.08773174 +0.06929736 +0.01949953 +0.07969791 +0.02505771 +0.05927049 -0.05444140 +0.04404189 +0.03504791 -0.02761963 -0.01483543 -0.06370709 +0.01431066 +0.07422239 +0.04465867 +0.00647911 +0.05916611 +0.01260048 +0.10451516 +0.00455249 +0.04602195 +0.02198639 +0.10290321 +0.04269763 +0.08329787 +0.00949176 -0.06715115 -0.03226204 -0.00470041 +0.00769202 -0.01918466 +0.03760396 +0.02165380 +0.11240663 +0.02329798 +0.03056583 +0.04820532 +0.03279602 +0.03403490 +0.08442514
+0.08251958 -0.04012478 -0.00170163 +0.01682438 -0.00532936 -0.07333536 +0.08691902 -0.02986971 +0.07373698 -0.05114531 -0.08286458 -0.03968992 -0.07672675 +0.07381412 +0.01826695 +0.04613228 -0.06302655 +0.02133132 -0.00642681 +0.05670124 +0.03946930 -0.07620168 -0.08248784 -0.00672733 +0.00873637 -0.05127763 +0.09682103 +0.08317751 -0.03084735 -0.05791222 +0.05139389 +0.01950227 +0.01926433 -0.03671331 -0.06926936 +0.07330833 -0.03325553 -0.02492092 +0.00591893 +0.06133385 +0.03755142 +0.07227126 +0.07253978 -0.06469312 +0.05211413 +0.01369239 -0.05829961 +0.06675807 -0.06869936 +0.04707596 +0.10578983 -0.03475311 +0.07070447 -0.09119829 -0.04689257 -0.03205987 -0.01647064 -0.01606991 -0.07348450 -0.05403897 +0.04974129 +0.08617673 +0.05987407 -0.09494130 -0.06534611 -0.02008458 +0.07768549 -0.03381313 +0.09554687 +0.00245775 +0.01581693 +0.07115413 -0.00277310 -0.00869765 +0.05664897 +0.02492119 -0.06010431 -0.00880847 +0.02612098 -0.03565050 -0.07608951 -0.02307890 +0.08677877 -0.06508277 +0.09205075 -0.05624936 +0.02010622 -0.01231818 -0.01500203 +0.06890435 -0.07971796 -0.01841794 -0.04013713 -0.03123392 -0.00007318 -0.05145853 +0.02017460 +0.03669877 +0.01295137 +0.01509487 -0.00620954 -0.03357378 +0.01543918 -0.06382084 +0.06283677 -0.03724351 +0.09090108 +0.03732069 -0.01148090 +0.01564193 +0.04359891 -0.08863879 -0.06595089 -0.07833587 -0.00563809 -0.08030812 +0.08938673 -0.04240668 +0.09297659 -0.07626193 -0.05636974 +0.03202496 -0.07769828 +0.02379259 -0.06507942 +0.02174029 +0.05475563 +0.01712445
-0.01347263 +0.06115920 +0.10681135 -0.07153080 +0.09177679 +0.09334969 -0.03088267 +0.01848083 +0.07606749 +0.01075195 -0.03780204 -0.05248277 +0.04889152 +0.05782649 -0.02151860 +0.07020836 +0.10556804 -0.08797544 +0.02041096 +0.16333954 +0.02359467 -0.08215602 -0.01328139 -0.07224767 +0.11555408 +0.03321394 -0.10565434 +0.03011911 +0.04513913 -0.03350513 -0.05864857 -0.11275218 -0.04857475 -0.07177085 -0.01456201 -0.06668368 +0.06509077 +0.13422711 -0.13121337 +0.23027417 +0.13494883 +0.08123342 -0.10277648 -0.03854609 -0.00809513 +0.16793472 -0.10372011 -0.16549180 +0.02942768 +0.03441477 -0.08842597 +0.21426482 -0.04752232 +0.06503382 +0.00413436 -0.14067918 -0.10797945 -0.01953345 -0.02183154 +0.03763553 +0.08372641 -0.03756534 -0.06208986 +0.21577592 -0.11093622 -0.04128306 -0.09215886 +0.07313188 -0.11275018 +0.14771599 -0.13497467 -0.13037840 +0.10415176 -0.10239893 +0.12402555 -0.06508332 -0.09702373 -0.05747808 -0.04775976 -0.05154343 +0.13517044 +0.01213001 -0.12222956 +0.08266082 +0.12758446 -0.09286841 -0.10536047 +0.10140075 -0.07797984 -0.04127850 +0.05974080 +0.12607165 -0.12255621 +0.05832587 +0.07585839 +0.00449393 -0.08610514 -0.08139759 -0.11614010 +0.09592552 -0.00129463 +0.09244035 +0.21805181 +0.00664926 -0.01851535 +0.20656794 +0.12368446 -0.10169716 +0.05844367 +0.07135981 +0.04783407 +0.13927083 +0.01239446 +0.00606282 -0.06633250 +0.01484695 +0.00061336 +0.11331824 +0.11025721 +0.07402918 -0.08114512 +0.07634199 -0.02180634 +0.01787209 -0.05383019 +0.04724707 +0.08380564 -0.06086984
+0.08491933 -0.10743689 +0.05925800 +0.04634704 -0.00374949 +0.09117510 +0.00966471 +0.04367600 -0.02856973 +0.01790809 -0.00160317 +0.06384376 +0.00846790 -0.06634000 -0.11672103 +0.05806332 -0.02841757 +0.11765185 +0.01320377 +0.06089542 -0.07565396 -0.01411957 -0.04366387 -0.07245116 -0.04046417 +0.01158641 -0.02394793 -0.03096122 -0.07702972 +0.08570427 +0.11331278 +0.07596885 +0.09625646 +0.07003880 -0.06038042 -0.08064639 -0.13284674 +0.04543079 +0.03001818 -0.13256104 +0.09644402 -0.08595945 +0.06138582 -0.01330465 +0.09681648 -0.04779539 -0.12452923 +0.06928840 +0.02550401 -0.06862255 +0.04654362 +0.07134270 -0.04030152 -0.12317220 -0.02616140 +0.03233432 +0.04956010 -0.07386572 +0.10271467 -0.10003936 -0.02379806 +0.12609942 -0.06043366 +0.01462143 +0.00121894 +0.07597225 +0.18057261 +0.18833342 -0.01401108 +0.05029269 +0.11040834 +0.14560270 -0.04277031 +0.08383995 +0.03842185 +0.15324864 -0.01495173 -0.05752321 -0.14891124 +0.04175536 +0.00938869 -0.09564863 -0.03918480 -0.08360127 +0.05410105 +0.03010981 -0.04882742 +0.00727041 -0.01183014 -0.11640083 -0.11557592 +0.08908255 +0.08533792 +0.03256664 +0.04911295 -0.02247375 +0.03347860 -0.02254898 -0.01156123 +0.04101788 -0.02140740 -0.00466825 -0.08495815 -0.03798451 -0.05352210 +0.03594263 -0.00753251 -0.03368032 -0.02160396 +0.10014561 +0.01771235 +0.02571152 +0.05151922 -0.02077212 -0.02790122 +0.01897801 +0.09207614 +0.01076650 +0.00629595 +0.06142914 -0.09635721 -0.02185352 -0.00772612 +0.16862355 -0.05725643 +0.09030068 -0.11484833 +0.00948350
+0.04197535 -0.02592846 +0.05183439 +0.07980096 +0.08689669 -0.01831109 +0.04052357 +0.12144804 +0.08174710 -0.00118936 +0.04116414 +0.13219030 -0.00402507 +0.01596288 +0.04655153 +0.07263229 +0.19874929 -0.07113609 -0.06057486 +0.03952766 +0.00104275 -0.00705510 +0.03250802 +0.01830161 +0.06295383 +0.05945649 -0.03489497 +0.05239122 +0.11938374 +0.04956122 +0.13464016 +0.06873771 +0.03075753 -0.09223463 -0.05073455 +0.03302844 -0.06586327 -0.09818543 -0.03648521 -0.03097663 +0.04808871 -0.04653167 +0.23540688 +0.12879410 -0.07324813 +0.14799415 -0.08965875 -0.08312210 +0.07775307 -0.00333301 +0.17892262 +0.02336282 +0.11021325 -0.13676377 -0.06951942 -0.11839150 -0.02940628 -0.12357315 +0.08672993 +0.06714888 +0.00943184 +0.05452188 -0.16675633 +0.11128043 +0.07563117 -0.14043106 +0.18327354 +0.07960351 -0.09245446 +0.00461827 +0.03089506 -0.11077231 +0.01726087 -0.05126183 +0.00607274 +0.04922860 -0.06640495 -0.05002282 -0.03562968 +0.08060662 -0.10877441 -0.06500799 -0.20774858 -0.06326711 -0.00002268 -0.14399743 +0.10040934 +0.09705226 -0.09228839 -0.14417858 -0.11704421 +0.17017134 -0.00424795 -0.01252915 -0.01837430 +0.05033634 -0.02860375 +0.09590120 -0.05171700 +0.04917063 +0.20702729 +0.04993106 +0.11095518 +0.00027178 +0.06292919 +0.16747290 +0.06844709 -0.15231583 +0.11606170 +0.12061841 -0.01542046 +0.15996514 -0.06407734 -0.01128048 -0.03133378 +0.05369319 +0.23774336 +0.11699774 +0.10447734 -0.01534049 +0.03197997 +0.05607763 +0.10958228 -0.00792186 -0.05697075 -0.01917883 -0.12567745 +0.01976853
-0.04587026 +0.20267895 +0.13820006 -0.05428962 -0.03517078 -0.00379861 -0.03062659 +0.10144868 -0.06319345 +0.02879738 -0.00274906 +0.07071928 -0.05670884 +0.04017158 +0.15079097 +0.04018271 +0.05184681 +0.05819472 -0.05489706 +0.05509466 +0.08265058 +0.06406923 -0.05631315 -0.02528106 +0.00448946 -0.09405405 +0.07821459 +0.06208692 +0.01524008 -0.05527755 +0.01101520 -0.06972376 -0.00412095 -0.02814471 -0.08644352 -0.09838744 +0.07746483 +0.07024313 -0.01586226 +0.04016919 -0.02686153 +0.02595355 -0.06009553 -0.00703332 -0.04052650 -0.13492502 +0.15439574 -0.01698395 +0.06505232 +0.05714552 -0.07054100 +0.01896772 +0.06441348 -0.00367547 -0.02029156 -0.04223778 +0.07238225 -0.07745598 -0.04542417 -0.02946967 +0.05070524 +0.10473399 +0.04919510 +0.14246961 +0.01739711 +0.02589847 +0.09345426 +0.01157986 -0.00729675 +0.11024112 +0.02649623 -0.10624224 -0.03406050 +0.09961154 -0.03038629 +0.03417195 -0.12840399 -0.03968946 +0.07299060 +0.02943259 +0.06939981 -0.04541655 +0.00798449 +0.05945930 -0.08082888 -0.11287954 +0.00753680 -0.11402839 +0.05815735 -0.07455557 +0.03075286 +0.06072834 +0.10839750 -0.03374185 -0.06294028 +0.06477533 +0.00729133 +0.09100448 +0.10803709 +0.04355960 +0.00528087 +0.05450520 +0.16387659 -0.02597976 -0.01344666 +0.01839107 +0.06407949 -0.02221035 -0.05118144 +0.00092714 -0.10528117 -0.13823213 +0.04739075 +0.02713833 -0.05375191 -0.00101901 -0.10321783 +0.01948341 +0.05170701 +0.07744882 -0.04268387 +0.00880363 +0.01363490 -0.01088890 -0.05120969 +0.02991033 -0.00549562 +0.06507345
-0.04867288 -0.00863724 -0.05041236 -0.02606927 +0.03567528 +0.01244543 +0.19167329 -0.17436287 +0.08535425 -0.03879255 -0.00379059 +0.09178579 +0.07052036 -0.05245839 -0.23709589 +0.05188198 +0.09909607 +0.04275155 -0.07890641 -0.07822290 +0.07467049 -0.16563220 -0.09018833 +0.12087359 +0.13660944 -0.13456099 -0.05579612 -0.03165701 +0.01184258 -0.01164236 +0.06331112 -0.02940817 -0.02703617 +0.09035814 -0.16262116 +0.06293515 -0.19926241 -0.10223327 -0.10887486 +0.04987733 +0.12839904 +0.08320481 -0.00438081 +0.04605955 +0.03595904 -0.08847477 -0.14785652 +0.04751391 -0.01606826 -0.13625374 +0.05437506 +0.10068404 -0.10025929 -0.03541337 -0.15527201 +0.18901460 +0.32763678 -0.10462202 +0.32877189 -0.01351089 -0.04771729 -0.07687086 -0.16644256 +0.05697208 -0.02698874 -0.05990868 +0.30078021 +0.07481139 -0.01804054 -0.03774607 +0.04148537 -0.02526509 +0.01015897 +0.03565569 +0.15715310 +0.05243983 +0.14024471 -0.06117087 -0.01516115 +0.01779232 -0.14884914 -0.24906991 -0.00861959 -0.21019237 -0.05264672 -0.03279892 -0.00460954 +0.12415909 -0.10483316 -0.20127165 -0.12109395 +0.06015361 +0.11717808 +0.05831493 -0.01047115 -0.04253984 +0.06660854 -0.02248642 +0.18826877 -0.08142066 +0.20524201 -0.05568568 -0.14450772 +0.10630874 +0.00710851 +0.04914431 -0.11752288 +0.11155698 +0.09569403 -0.10436691 +0.00404169 +0.19689995 -0.09681839 -0.02548968 +0.07385485 -0.05937133 +0.09719337 -0.00631335 +0.07506661 -0.01520644 -0.02860875 -0.12482768 +0.03851671 -0.05694048 -0.02022084 -0.01441928 +0.04982117 +0.00874986
-0.08286899 +0.00361498 -0.12322386 -0.09348963 +0.09206701 -0.04165326 +0.07019177 +0.04144899 -0.12651205 -0.05226348 +0.12043543 +0.03022806 +0.01212928 +0.06646945 -0.11132301 -0.18351509 +0.07098242 -0.14903140 +0.09747705 +0.10438205 +0.11084434 +0.18154807 +0.11179942 +0.00565683 -0.12809843 +0.12342240 -0.02457868 -0.02202556 -0.14210634 -0.10382822 -0.03473791 -0.06321195 +0.03552222 -0.25774989 +0.07467604 +0.02565421 -0.01325313 +0.02281261 +0.10156894 +0.01901853 -0.07829581 +0.08600006 -0.02969419 +0.20824380 -0.00750701 +0.01880829 +0.00444679 +0.04936519 -0.09362929 +0.01446988 +0.17453054 -0.07786285 +0.01389912 +0.13829051 +0.09883774 +0.03412558 -0.06065897 +0.00739451 -0.03551006 +0.00029223 +0.07372493 +0.04927258 +0.03344561 -0.14614622 +0.16204770 +0.01621774 -0.08375525 +0.10267507 +0.14324182 +0.07680456 -0.07110082 -0.17784125 +0.07393329 +0.12206334 -0.10577576 +0.02748090 +0.23321749 +0.01123043 +0.01860089 +0.06881803 +0.04774254 +0.21727636 -0.07557760 +0.03886981 +0.06910748 -0.10122877 -0.03100977 -0.02333626 +0.07055553 +0.01257489 -0.09462521 -0.05200027 -0.11650429 -0.03689080 +0.07612580 -0.11737353 +0.07343630 +0.02022706 -0.14986788 -0.01525000 -0.00812232 +0.02786965 +0.06860385 +0.00185194 +0.02111576 -0.02798793 -0.04802879 +0.10173559 -0.04810550 +0.00025327 +0.02983275 +0.12702581 -0.07812756 -0.00333369 -0.20190868 +0.17625657 +0.22381529 -0.12224005 -0.00093193 -0.04931100 +0.14038986 +0.16509964 +0.03212818 -0.08081824 +0.00132933 -0.02958436 -0.12064735 -0.00736490
-0.05870856 -0.25065446 -0.20715636 +0.09759858 -0.03073674 +0.20969839 +0.09331286 -0.02540194 +0.13243248 -0.00370180 -0.11542904 -0.04799988 +0.04760395 -0.08316074 +0.04927077 +0.11942968 -0.02524631 +0.07060228 +0.16601087 +0.13363461 -0.06133722 -0.01325093 -0.06595793 -0.00449873 +0.07412118 +0.00890455 +0.01769381 +0.07908463 -0.08815331 +0.00062419 +0.11126026 +0.10268600 -0.05106500 -0.09407701 +0.00147585 +0.06844197 -0.10545021 -0.03927382 -0.05957946 -0.06555644 -0.10338283 +0.05964738 -0.26145530 +0.02565447 +0.06354690 +0.08332458 -0.13732742 +0.18683976 +0.00320039 +0.05220848 +0.04763168 +0.13309163 +0.04654445 +0.09980209 -0.10884825 +0.04343100 -0.04536908 +0.04517648 +0.10179614 -0.10012965 -0.00188467 +0.01333930 +0.11210030 +0.02502056 +0.10482361 +0.00281244 -0.06797279 +0.23335674 +0.04177612 +0.11221150 -0.00123063 +0.09459606 +0.15982112 -0.01707775 +0.12769143 +0.00990587 +0.00952021 -0.09909245 +0.02800424 -0.02681817 -0.00562230 +0.02103496 +0.10301118 +0.13546561 +0.22790521 +0.08529899 -0.15473245 +0.01170686 -0.04758071 +0.13742758 +0.09076624 -0.12125944 -0.01537790 +0.02356126 +0.07434438 -0.11588677 -0.01937523 -0.02865403 -0.01357488 +0.00502355 +0.00720426 +0.05191778 +0.09238533 +0.07495413 +0.04832518 -0.00716728 -0.04819779 +0.07929174 -0.05451069 +0.03578145 +0.18296655 -0.01253275 -0.01570190 -0.01454447 +0.13499199 +0.10024216 -0.00771310 -0.05112131 -0.07853159 +0.01660311 -0.04737550 -0.04633692 -0.14403610 +0.10185009 -0.01782774 -0.12426320 -0.01875025 +0.01597163
-0.01325133 +0.09088851 +0.13398600 +0.10492603 -0.02198843 -0.11832836 -0.08440774 +0.13424419 +0.05398187 +0.01955102 +0.01805202 +0.10762224 +0.04314355 +0.01094334 +0.12395123 +0.05299903 +0.01933408 +0.04496575 -0.16021988 +0.03306769 -0.05188895 -0.05180564 +0.05434524 -0.11490126 -0.05389149 -0.01022508 +0.08299620 +0.07417724 +0.15007789 +0.06414494 +0.09442523 +0.02338070 -0.10013427 +0.15807661 -0.10758231 -0.03319533 +0.00855487 +0.00561349 +0.07102123 +0.02644110 +0.03039091 +0.04936545 +0.23157448 -0.10327142 -0.04647613 -0.05205829 +0.08069129 -0.04766890 -0.01669084 +0.06001448 +0.13543165 -0.18876266 +0.17955419 -0.06931763 +0.02259399 -0.06527513 -0.02467179 -0.05249505 -0.01434378 -0.13057330 +0.05540183 +0.04888060 -0.08479865 +0.05044479 +0.06641369 +0.13552219 +0.16577247 -0.05950345 -0.16705157 +0.00865843 +0.09877711 +0.15937275 -0.08067307 +0.05947164 -0.04549875 +0.06752276 -0.17522879 +0.10717449 +0.01102367 -0.01014470 -0.03533689 +0.00866695 -0.00881461 +0.03619511 +0.15114379 +0.09307349 +0.02988836 +0.15541984 -0.01134004 -0.11330073 -0.06436270 +0.12889738 +0.08938381 -0.07152861 +0.03759985 +0.03141556 +0.02993065 +0.10874951 +0.28664958 -0.00352070 +0.08425454 +0.12456051 -0.00007352 +0.03655585 -0.06270306 -0.01105588 +0.14053689 -0.15543273 -0.07428744 +0.14174914 -0.01333690 +0.08344498 +0.01404990 -0.07220908 +0.07882638 -0.08609459 +0.08441204 +0.03728128 -0.01541831 -0.06304251 +0.06618088 -0.01939455 -0.00991412 +0.13253835 -0.04574228 +0.09352513 +0.03309871 +0.01850691
-0.05776927 -0.03532835 -0.11348283 +0.14972389 +0.20247106 +0.01015027 -0.09966017 +0.06049108 +0.18013521 -0.07235155 -0.13707197 +0.02752425 -0.04207706 -0.09306383 +0.05462281 +0.01945542 -0.13158710 -0.00223118 +0.07085082 +0.17058896 -0.03203709 +0.18464679 +0.07008530 -0.09092670 -0.03603206 +0.24139865 +0.04305489 -0.00803358 -0.05275369 -0.02707129 +0.00560075 +0.12031979 -0.01598010 -0.06918222 +0.16549948 +0.10055522 -0.04533506 +0.05573883 +0.03657116 +0.05948612 -0.06898330 -0.07497296 -0.24297112 -0.08888111 +0.02969551 +0.13616705 -0.04887665 +0.08550781 -0.01712258 +0.05758258 -0.07018659 -0.07211508 +0.02612782 +0.18780543 +0.08356383 +0.00585055 -0.22239785 +0.10192122 +0.09438799 +0.03218457 +0.06210507 +0.00317506 +0.19436018 +0.10026631 +0.11311552 -0.01075616 -0.18320552 +0.13283646 -0.02225904 +0.21106097 -0.10125437 +0.01630573 +0.09077100 +0.06344588 +0.05331619 -0.11129175 +0.10744980 -0.03397993 -0.05908493 -0.09359524 +0.10451503 +0.11825518 +0.09366528 +0.30342501 +0.26002249 +0.14317472 -0.04884842 -0.05510917 +0.08061817 +0.20643102 +0.10054462 -0.07198735 -0.08238407 +0.01883020 +0.02812177 -0.10725624 -0.11380673 -0.14180292 -0.08661987 +0.02725772 -0.16295591 -0.04608835 +0.12752387 -0.04238226 +0.01376559 -0.03952398 +0.15410258 +0.13746940 -0.01726238 +0.13054349 +0.16508728 +0.05063742 +0.06577449 +0.08419495 -0.04360376 +0.09170176 -0.08494146 -0.06800385 -0.09288242 -0.06136331 -0.20067911 +0.00435727 -0.13613628 +0.17517568 -0.02058831 -0.05875726 +0.06418545 -0.02139902
-0.04656263 -0.06906938 +0.10254974 +0.11659528 +0.18815449 +0.13607121 -0.20632902 -0.01645243 +0.06937642 -0.08405330 -0.03518378 +0.07169142 -0.01320416 -0.01876211 +0.03739587 -0.12468038 +0.02515556 -0.05085393 +0.03306274 -0.18356414 -0.01335516 +0.00729849 -0.00375416 +0.06944600 -0.19304688 +0.22436246 +0.12496275 +0.03602280 +0.00059064 +0.02857407 +0.01938079 -0.02427564 -0.03444383 +0.01399202 +0.01543585 +0.01603736 -0.04582955 -0.03800264 +0.06076879 -0.15685880 +0.09783679 -0.05832198 +0.16878293 +0.00470281 +0.00906012 -0.08279732 -0.02200582 +0.13366422 +0.04090368 +0.05755901 +0.06579732 -0.25088704 +0.01795663 +0.03550518 -0.03448265 +0.16893825 +0.05823369 +0.07986860 +0.00869745 -0.02237360 -0.09500062 -0.21149416 +0.08521316 +0.02737808 +0.19268493 +0.03966242 +0.08645966 -0.05045301 -0.06830202 +0.16077204 -0.03378334 +0.04935765 -0.11770532 -0.01793639 -0.23265575 +0.18462448 +0.15117235 +0.20505323 -0.09626444 +0.12617055 -0.00800335 -0.01510652 +0.09623052 -0.02443675 +0.02964485 +0.09688085 -0.00369306 +0.14437482 -0.00548504 -0.01831598 -0.03540426 +0.14794534 +0.21625100 -0.05230640 -0.05014265 +0.14469257 +0.00475627 -0.06447887 -0.04890873 -0.05182660 +0.04853765 +0.04792713 -0.06883787 +0.06421837 +0.01628510 +0.04776993 +0.05577400 +0.17406595 -0.09022000 -0.06087100 +0.01331717 +0.17292336 +0.18031532 -0.08312453 +0.00015579 -0.02292203 +0.17964523 -0.06213142 -0.14543889 -0.06922027 +0.03275646 +0.19263840 +0.03614388 +0.21132389 +0.06165747 +0.11319630 -0.00919564 +0.03348814
-0.09264915 +0.02505473 -0.12513845 +0.09404226 +0.01634998 -0.14228103 +0.08902641 -0.10037863 +0.19209871 -0.08235610 -0.00712244 +0.01231602 +0.03998158 +0.00360399 +0.11791227 -0.08033162 +0.01773123 -0.09925762 -0.07673938 -0.00172539 -0.01336728 -0.01456299 +0.02157836 -0.04384225 -0.02473973 -0.00183252 -0.08753450 +0.03691926 -0.00361653 +0.06900302 -0.06216826 +0.01390356 -0.00895765 +0.04939542 +0.12484454 +0.04425183 +0.04569149 -0.01299605 -0.09211685 +0.22457957 -0.02515221 +0.00956473 -0.06611063 -0.11925447 -0.09204798 +0.11800448 -0.11806243 -0.04479847 +0.09349058 +0.04309763 -0.07040110 +0.12449110 +0.01510531 +0.24411072 -0.01920935 +0.00165747 -0.16607384 -0.01332417 +0.17195477 +0.11920203 +0.05396844 +0.01311491 +0.18998531 +0.21441351 -0.12550761 -0.12083804 -0.13557976 -0.08018819 -0.03669249 +0.06410117 -0.16964979 -0.10986955 -0.07035463 -0.04842534 +0.03534150 -0.15290706 +0.15548341 +0.03045146 +0.05507927 +0.06393634 -0.06528679 +0.08253851 +0.00658975 -0.00306347 -0.02460253 +0.03052933 +0.00970981 +0.06759445 -0.03372683 +0.08587907 +0.01073127 -0.05044632 +0.02796924 -0.03681331 -0.05445721 -0.01289045 +0.06306361 +0.10425002 +0.07068178 -0.00681983 +0.16786636 -0.01440801 +0.15954338 -0.09534834 +0.01596752 -0.01327714 +0.09421024 -0.02029124 +0.05099687 -0.17992793 -0.07926825 -0.00941736 +0.06885764 +0.00262029 +0.05666674 +0.13843124 -0.01826867 -0.12312045 +0.01757107 +0.08338346 +0.08657423 +0.03421413 -0.09809051 +0.00900847 +0.04944456 -0.02345623 +0.17763826 -0.00522800
+0.06395052 -0.11526449 -0.04050459 -0.12543991 -0.14380865 +0.22339533 +0.13833453 +0.00776257 +0.06539632 -0.07263916 +0.01791796 +0.05417109 -0.05652054 -0.06174969 -0.05868207 -0.01600728 -0.00105562 +0.02391455 +0.05408615 +0.04701479 +0.02436978 -0.11018711 +0.01566853 +0.01722792 -0.06616540 -0.08610237 -0.05524919 +0.04342401 -0.12562257 -0.05436899 +0.00693414 -0.03631748 +0.09044194 +0.08082314 +0.08673991 -0.04803311 -0.00283600 +0.19348484 +0.11237027 -0.02227816 +0.10816754 +0.08434080 -0.09505698 +0.02203267 +0.00171601 +0.03183542 -0.02270296 -0.01599829 +0.06215783 +0.01114110 -0.08191726 +0.20604451 -0.15134446 +0.05737434 -0.09393539 -0.08066897 +0.10049604 +0.06800190 +0.02298881 -0.07159323 -0.00490406 +0.02961629 -0.03703277 -0.16250512 -0.05096384 +0.07447562 -0.00020182 +0.04649547 -0.02933986 -0.06075987 +0.07568809 +0.08668406 +0.09220317 +0.03848581 +0.17128128 -0.05664906 -0.09328181 +0.02565409 -0.04709467 +0.06883550 +0.04530979 -0.04428644 +0.01266287 -0.03062665 +0.00339107 +0.16339923 +0.06855148 -0.07468975 +0.08898580 +0.09258555 -0.00450417 -0.06676254 -0.04120898 +0.02451365 -0.05097228 +0.01717886 -0.05510735 +0.00086408 -0.01242205 +0.07759472 -0.14644076 -0.07416245 +0.02348342 -0.06163138 +0.00174459 -0.00493062 -0.12406495 -0.02383269 +0.00988097 -0.09935134 +0.05024648 -0.12479428 +0.01524964 +0.00919493 +0.09139021 +0.04186873 -0.06524447 +0.08306792 +0.20524551 -0.04582631 +0.06894927 -0.16596383 -0.02470280 -0.12141268 +0.05991120 -0.08187895 +0.03571064 +0.06307405
+0.06736712 -0.11565879 +0.08923388 -0.03607677 -0.11427260 +0.21321790 -0.03408626 +0.06536262 -0.01594701 -0.04581690 +0.01067938 +0.07541787 -0.07097160 -0.05920753 -0.02249391 -0.01972666 +0.05935889 +0.06251151 -0.10701878 -0.00793267 +0.03642641 -0.04611396 +0.04300805 +0.08182966 -0.04120047 -0.03964429 +0.06717603 -0.01363191 -0.04845212 -0.15309870 +0.00806850 -0.06504741 -0.03629027 +0.09486741 -0.08731500 -0.08329841 -0.05499889 +0.08649235 +0.00722845 -0.09416753 +0.16388358 +0.00427696 -0.01200064 -0.01418798 +0.11411785 -0.02222030 +0.14152457 +0.07120710 -0.09629355 +0.06037906 -0.06092763 +0.02315632 -0.12628686 +0.03310750 -0.07641933 -0.01048811 +0.08263065 +0.06253387 -0.05422778 -0.04122217 +0.02374624 +0.02946587 -0.06195550 -0.20905317 +0.05908226 -0.01219770 +0.01975780 +0.09120691 +0.03920015 +0.00144218 -0.01165797 +0.04796910 -0.07412788 -0.07775217 +0.09418914 +0.00273458 +0.04180491 -0.06820469 -0.13096340 +0.11571978 -0.06380915 -0.02775817 +0.19472018 +0.00831376 -0.03779102 +0.08327501 -0.01046309 +0.02168593 +0.01153874 +0.04421417 -0.04618228 +0.05680741 -0.03446223 -0.06280641 +0.07593392 +0.04179840 +0.04409237 +0.04941952 -0.09921239 +0.07933368 -0.11881517 -0.02571144 -0.04540880 +0.03286207 +0.02603359 +0.01241210 -0.10784522 +0.18352887 -0.08782567 +0.05443780 +0.05513141 -0.10368382 +0.09844700 -0.04526554 +0.00880352 -0.06969656 -0.00794087 +0.02123045 +0.06455918 -0.07055272 -0.06139900 -0.07277211 -0.04443586 -0.06111988 -0.04987944 +0.04058902 -0.03063504 -0.02961147
+0.08698569 -0.06172400 +0.01772588 -0.04534675 -0.03693702 -0.01184182 +0.04593592 -0.04943147 +0.05385979 -0.07095315 +0.02293736 +0.05383480 -0.07273619 +0.00528883 +0.07075740 +0.07568756 +0.04448612 -0.00490425 -0.08323352 +0.03556906 +0.08710507 -0.04434728 +0.04144590 +0.02886284 -0.04898637 +0.01296431 +0.05328526 +0.05792930 +0.10208144 -0.05116939 -0.08266521 +0.03200273 +0.06488398 +0.04902266 +0.02599477 +0.08729406 -0.01376150 +0.00793941 -0.04100870 +0.02261034 -0.06712385 +0.05518273 -0.04045848 +0.01116077 -0.06574431 +0.04914197 +0.02297869 +0.02898532 -0.02805013 +0.07256234 -0.00327442 +0.06817885 -0.06104657 -0.02029257 -0.00881722 -0.03794543 +0.07868932 +0.02251388 +0.09583308 -0.00426435 +0.07956230 -0.07793284 -0.00631023 -0.00714926 -0.06890843 +0.03711899 -0.06446986 +0.02030589 +0.05761662 -0.05432341 +0.00112296 +0.09424803 -0.05481485 -0.07158237 -0.02007940 +0.07321157 +0.00211856 -0.04427558 +0.09868889 +0.01414744 +0.04110079 +0.02626015 +0.00896543 +0.01163161 +0.09638222 -0.00694586 -0.07457787 -0.02745065 -0.03630885 -0.02325190 +0.09200428 +0.06952548 -0.02949570 -0.01956063 +0.07392213 -0.04328869 -0.04215927 -0.07652017 -0.01484318 +0.07072935 -0.02620424 +0.01026087 -0.02087265 -0.02637724 +0.06063181 +0.00196607 -0.04154563 +0.10043026 +0.06132964 -0.01787808 -0.04017968 -0.04135388 -0.06750091 +0.05337002 +0.08554401 +0.02253887 -0.01258388 +0.09380239 -0.06523757 +0.07188573 +0.07813096 -0.01372547 -0.08064876 -0.06133674 +0.01038971 -0.04467350 +0.00242811 +0.01630714
+0.01675246 +0.13183071 +0.04878002 -0.04655715 -0.10560101 +0.09644749 +0.08722489 +0.01003344 +0.16641551 +0.03803959 -0.07104599 -0.00025648 +0.01583079 +0.03823872 +0.13108400 +0.00677418 -0.00539031 +0.04718603 +0.01209417 +0.08120326 +0.05483265 -0.09021910 -0.01408036 +0.02924000 +0.05687938 +0.04066097 -0.01221398 -0.07002808 +0.02133436 -0.04765116 -0.05106527 -0.05288712 -0.06107826 -0.01860785 +0.07485911 +0.08568823 +0.00759106 +0.10352412 -0.14768572 +0.14485709 +0.05355149 -0.04966448 +0.00184603 -0.04346619 -0.06638881 -0.12105530 +0.06612189 +0.00303247 -0.00463479 -0.07914680 +0.10228369 +0.00163070 -0.11446550 +0.03770701 +0.02598736 -0.01139519 +0.19006072 -0.06186064 -0.04381558 -0.00026884 +0.06878817 -0.05595950 +0.05812207 +0.13451806 +0.03740667 +0.00082324 +0.07785768 -0.00345195 -0.09635266 +0.10904281 -0.01221125 -0.01145628 -0.06100880 -0.00659461 +0.16672006 -0.02295059 -0.05983603 +0.05562200 +0.06540694 -0.00594247 +0.09499156 -0.08979917 +0.13626598 -0.02274639 -0.06296433 -0.07795385 -0.07548763 +0.06634809 -0.00021688 -0.05904930 +0.03783948 +0.12661909 +0.15231542 +0.01285633 -0.07509947 -0.05461314 +0.09712394 -0.08071999 -0.01271150 +0.14915596 +0.12711878 +0.08947752 +0.20304006 -0.04269493 +0.11279806 +0.19947672 -0.05175116 -0.01778714 +0.16316916 -0.12017667 -0.17403838 -0.00903975 -0.03987246 +0.02063270 +0.12984557 -0.07598268 -0.18181831 +0.07290174 +0.11525082 +0.04076459 -0.10352872 -0.14485787 +0.00822422 -0.03246503 +0.01330281 +0.04812502 +0.10069750 -0.05119817
+0.05343862 +0.05365453 -0.06282382 -0.07061201 -0.06675392 +0.08037174 +0.01118978 -0.03863645 -0.04381075 +0.02613047 +0.00632691 +0.03781187 -0.08104493 +0.01964804 -0.06782780 -0.08375472 -0.00734742 +0.08355106 -0.07030071 -0.01883512 -0.02602684 -0.07224435 -0.04652888 +0.01563922 -0.02244560 -0.08199994 -0.05277010 -0.06731429 -0.07005939 -0.04957981 -0.02590412 -0.06008093 -0.07005949 +0.06369252 -0.02338282 +0.02858344 +0.03700159 -0.00328029 +0.05952011 -0.00178957 -0.00972816 +0.04527853 +0.05757300 +0.00547562 +0.07715659 +0.06202096 -0.04715904 +0.07210939 +0.00423867 +0.00949571 +0.07685152 -0.03217752 -0.05338097 -0.05773951 -0.06179576 +0.08206258 -0.04649848 +0.03591697 +0.03566606 +0.03561692 +0.04050567 -0.01797805 -0.06474679 +0.05555771 -0.00341177 -0.07431223 +0.07037115 -0.03663298 -0.01032319 -0.01062173 +0.06606932 -0.05425783 +0.04695021 +0.03056504 -0.06662478 +0.03377232 +0.04159214 -0.02548755 +0.01066708 -0.00575351 -0.05572380 -0.01277443 -0.05507635 +0.02535993 -0.05658303 -0.01257233 -0.08070754 -0.00075718 +0.02257496 -0.02307708 +0.04437913 -0.06475046 -0.01292827 +0.08550227 +0.02599172 -0.08430977 -0.03516545 -0.00304713 -0.02045817 -0.00547792 -0.08290611 -0.03076246 -0.04874285 +0.01931128 -0.04735567 +0.06384371 -0.02023483 -0.08154811 -0.01994026 +0.03032783 -0.01358241 +0.06927800 -0.01508313 -0.05768847 +0.04144670 -0.03513456 -0.08339220 -0.08429123 -0.04239648 -0.00025993 +0.07992981 +0.01586304 -0.07062224 -0.09508296 +0.03447750 +0.03888598 -0.03839038 +0.06845898
+0.03418118 -0.05877585 +0.01102691 -0.06410962 +0.04768888 -0.01803816 +0.00658264 +0.02588863 +0.06307194 +0.06644264 -0.06305648 +0.08566879 +0.06570517 +0.02981829 -0.03221213 +0.00321262 +0.06306813 +0.08266696 +0.04630936 -0.02121610 +0.07347682 -0.05062565 -0.03980289 -0.06486356 -0.06296221 -0.07361748 +0.03859375 -0.06713043 +0.02105727 -0.02846676 -0.05858377 -0.05613684 -0.01741615 +0.00579419 +0.04176760 -0.06438813 +0.01471912 -0.06624834 -0.08589535 -0.02460538 -0.05274525 -0.03219255 -0.05434970 -0.08497656 +0.02056649 +0.05838185 +0.03038873 +0.00655741 +0.05796925 -0.02624531 -0.06938607 -0.06717316 +0.02285365 -0.06314396 +0.01190901 +0.06049835 -0.05905671 -0.06282800 -0.06445239 +0.06340823 -0.06497595 +0.00136861 +0.07954589 -0.08708965 -0.03073447 -0.06895198 -0.07583405 +0.02063255 -0.06524992 -0.07463875 -0.01414902 -0.01974881 +0.05898912 +0.06662630 +0.05838743 +0.07540478 +0.05104004 +0.02261560 -0.03236709 -0.01714793 +0.02881914 -0.06454811 -0.03578553 -0.02018953 +0.01994802 +0.01987269 +0.02429660 -0.01478851 +0.08032381 +0.08665973 +0.05811078 +0.04783739 -0.06600408 +0.02371988 -0.02949253 +0.02397940 -0.00766203 +0.05169524 +0.06326538 +0.02825720 -0.00846120 +0.01208030 -0.04101090 -0.01916142 -0.04752228 +0.08141172 -0.08763072 -0.05537957 +0.01943476 +0.02878744 -0.08648085 -0.03511129 -0.06141371 -0.04414003 +0.06790201 -0.04575362 -0.03148909 -0.05093857 -0.01136613 +0.04095951 -0.00886510 +0.04362515 -0.03175313 -0.01738006 +0.08393476 -0.05478403 +0.02916471 -0.03773292
-0.05918660 +0.07185292 +0.15029696 +0.05024258 -0.14172225 -0.10038470 -0.00534657 +0.07203581 +0.00387018 +0.05386831 +0.08230906 +0.02975395 +0.02689201 -0.03219243 -0.01369938 +0.09932452 +0.12454811 -0.03126921 +0.01932396 +0.05883306 -0.12568733 -0.15280603 +0.04107482 +0.02286900 +0.15768223 -0.13594311 -0.12660147 +0.00820394 -0.03623424 +0.02702471 +0.10630456 +0.02746908 -0.00163753 +0.03617414 -0.18031557 +0.02240513 -0.05890582 -0.03037696 -0.03041571 -0.03119101 -0.05312716 -0.00769858 +0.17856665 +0.13786300 +0.00183460 -0.10164838 -0.09301946 -0.09874713 +0.04570863 +0.00955180 +0.11993765 +0.04259048 +0.16643643 -0.09611549 +0.06416858 +0.07169428 +0.12033038 -0.03812712 +0.07942467 -0.07057004 +0.02803129 +0.17813066 -0.17255248 +0.18369533 +0.02929355 -0.04607594 +0.19981240 -0.07322387 +0.03530680 +0.03045548 -0.04984692 -0.04813087 -0.11824271 +0.04003008 +0.11126821 -0.08063124 -0.02656939 -0.00776089 +0.00531827 -0.05171324 -0.04656856 -0.11275218 -0.17557165 -0.02766577 +0.04062419 -0.13290584 +0.06104358 +0.02728417 -0.16922790 -0.20816074 -0.10699561 +0.11156037 -0.06652196 +0.04943351 +0.04157926 +0.03042827 -0.05396287 +0.03080107 +0.20785098 +0.11759859 +0.18260737 +0.11735524 +0.05014348 -0.02002953 -0.09405248 +0.11043946 +0.14450853 -0.12466177 +0.11275525 +0.10566236 -0.13341381 +0.05934806 -0.04847250 +0.06295486 +0.04689446 -0.08077004 -0.04889800 +0.17325892 +0.07704487 -0.00168123 -0.10773502 -0.07213490 +0.04572260 -0.02131138 +0.06371364 +0.13238165 +0.00824828 -0.07814287
+0.09503959 +0.01670501 -0.13658209 +0.06313731 +0.04401822 -0.08904782 +0.22028287 -0.14628342 +0.13183463 +0.00171297 -0.11824679 +0.04694874 +0.04302838 +0.03991694 -0.00777453 +0.03539854 -0.05828902 +0.05665966 +0.08908883 +0.07793555 +0.11153839 +0.08488456 +0.03120645 +0.00002256 +0.13331659 -0.08848182 +0.11601713 -0.00330617 +0.05664974 +0.16885111 -0.03262306 +0.04827662 -0.06012244 -0.10581373 +0.10165639 +0.10193141 -0.00047354 -0.07093427 -0.18647151 -0.14179564 -0.13372608 +0.05834801 +0.07573340 -0.13817962 -0.09089389 -0.05232665 +0.08342630 +0.27946416 -0.08255105 +0.06311542 +0.14668703 +0.00454860 +0.04030409 -0.03180962 +0.04092493 +0.20843141 +0.26384702 -0.03424058 +0.00506360 -0.09497361 -0.02550076 -0.00407343 -0.00608002 +0.00085826 +0.08664706 -0.00703168 +0.19497490 +0.03578304 +0.19274139 -0.08952732 -0.00111852 -0.02656271 +0.01662559 +0.14728375 +0.21508864 +0.22220537 +0.05481367 -0.00746176 +0.18611118 +0.01901445 -0.02811365 -0.12498716 +0.01167496 +0.04276071 -0.14385353 -0.13158734 -0.02134420 -0.06360826 -0.05004704 +0.08725618 -0.06597855 -0.08628722 +0.14352091 +0.07804940 -0.04631293 -0.03552714 +0.02906678 +0.04862879 +0.14501315 +0.08674594 +0.25017735 +0.05272662 +0.16654587 -0.09591376 +0.00924082 -0.00387976 -0.05370437 -0.06086462 +0.19139318 -0.09489981 +0.03090505 +0.00916773 -0.17686683 +0.04529179 -0.04614848 -0.08689018 -0.04108574 -0.11372051 -0.13275629 +0.09115432 -0.08962154 -0.02631097 +0.05488148 -0.14716570 +0.03147709 -0.02249557 +0.02713754 -0.01450516
+0.08687467 -0.07498758 +0.06310682 -0.05141076 -0.09665948 +0.04124437 +0.07803858 +0.06548906 +0.03691263 -0.08917391 -0.03128058 +0.07471551 -0.02857463 -0.06718260 +0.12252243 -0.00834862 +0.04000824 +0.01453124 -0.04042026 +0.10881361 +0.00186629 -0.07550829 +0.05216508 +0.00898522 +0.05213976 -0.06938794 -0.05543574 -0.07042049 +0.11781653 +0.02821423 +0.11254251 -0.04980451 +0.01681397 -0.06168086 +0.01515822 +0.08841734 -0.11042447 -0.02825484 -0.07515489 -0.01375639 -0.07363873 +0.04055540 -0.01756232 -0.02379194 -0.04538861 -0.08154049 +0.01433699 +0.02105145 -0.02163358 -0.04656433 +0.05664433 -0.06102373 +0.00118751 -0.00610320 -0.07314552 +0.02832508 +0.04278717 +0.00386754 +0.03213635 +0.04873232 -0.06072367 +0.07291983 +0.03648655 +0.01339139 -0.01194560 +0.00582288 +0.10880190 +0.05302056 -0.08649285 -0.00807156 +0.01476769 +0.06894419 +0.00206524 +0.08705784 -0.00282892 +0.03887600 +0.06382892 +0.05314800 +0.01935712 -0.00205700 -0.09044163 -0.01356961 -0.09027631 -0.03149667 +0.05655611 -0.02771749 -0.06616589 +0.01640579 -0.06846998 -0.08697516 -0.03840091 +0.12108617 +0.10137227 +0.07104491 +0.05908668 -0.03394999 +0.04606069 +0.02186733 +0.13735498 +0.06612058 +0.05359607 -0.03891756 +0.12673968 -0.00906584 +0.03416362 +0.00931766 -0.05609721 +0.05758513 +0.13238004 -0.05083213 -0.03219356 +0.01396926 -0.08991688 +0.05047704 -0.03432634 -0.00016326 +0.05282437 +0.01223247 +0.02708000 +0.05270061 -0.08353920 -0.12049670 -0.04299840 -0.11335903 -0.03271476 +0.05573772 +0.04072475 +0.03564029
-0.07904097 +0.14634760 -0.14563377 -0.14988686 -0.03899376 +0.09395787 +0.13432670 -0.09279893 +0.09969175 +0.02027754 +0.04709837 +0.06670825 -0.07856675 -0.04760270 -0.14465439 +0.03782471 +0.01657279 -0.10741733 +0.02231538 +0.10454854 +0.03525454 +0.04811795 -0.08678544 +0.12869522 +0.03494836 -0.07282028 -0.05304886 -0.00523426 -0.09335024 +0.04070877 -0.09532031 -0.05270271 +0.04968888 -0.08571606 -0.05723974 -0.06347203 +0.04004304 -0.02207678 -0.19343866 +0.13372344 +0.00332179 +0.02068515 -0.05593342 +0.03958172 +0.02542472 -0.02888917 +0.03923612 -0.02347605 -0.03558419 -0.06007076 +0.03491445 +0.15893346 -0.06166727 +0.18672183 +0.02186699 +0.00969995 +0.02913887 -0.06761112 +0.04823654 +0.05305843 -0.02666643 -0.03336095 -0.00992161 +0.07362973 -0.11517114 -0.04725681 -0.03592822 -0.09401252 +0.13545488 +0.06805882 -0.21102993 -0.16900274 -0.05448583 +0.01019984 +0.21073258 +0.04642269 +0.06645385 -0.05121614 +0.11879048 +0.02828688 +0.14181124 +0.00904105 +0.11269736 -0.03251159 -0.13007163 -0.08918536 -0.02555125 -0.01210676 +0.00961972 -0.05042256 -0.02332053 -0.03957257 +0.01745325 -0.01153694 +0.05237342 +0.01450495 +0.01717435 -0.05454332 -0.14094789 -0.00882202 +0.06336934 -0.00101383 +0.16703816 -0.01913621 +0.09221303 +0.13029532 -0.03081712 +0.07900983 +0.15084611 -0.10984032 -0.08309534 +0.10765413 -0.02821459 -0.07152145 +0.01017119 -0.05723263 -0.09022103 +0.00348368 +0.12280323 +0.01928924 -0.06586611 +0.05163383 -0.08921646 -0.05129791 +0.05998411 -0.02276675 +0.04818261 +0.00258527
+0.05518446 -0.04064881 +0.02969872 -0.03387110 -0.02209575 +0.19825754 +0.05116135 -0.00519827 -0.02878265 -0.07019805 -0.09081430 +0.05175293 +0.01977149 +0.07749133 +0.02680055 +0.01262447 +0.09002738 +0.03043332 -0.00168840 +0.00735775 +0.05139593 +0.04282788 -0.10513427 +0.07531940 +0.02062277 +0.04852044 +0.02880454 +0.02244969 +0.00247579 -0.05077799 +0.01752578 +0.01297242 +0.08123750 -0.07031478 +0.01032208 -0.03874945 -0.01516908 +0.12358756 +0.15001662 -0.15921935 +0.11025047 -0.00309854 -0.08644866 +0.05136086 -0.01881251 -0.04902603 -0.00556489 +0.01201100 +0.07034880 -0.06571098 -0.07693774 +0.10213742 -0.12070889 -0.07003091 +0.04524565 -0.00858374 +0.06343857 +0.05048733 +0.01983609 +0.02527444 +0.02255255 -0.01259343 -0.10919541 -0.14268799 -0.02627010 -0.05366455 -0.08751802 +0.10957121 -0.04773915 -0.09562603 +0.15833154 +0.01975496 +0.04802320 +0.08919010 +0.00875589 +0.05037295 +0.01770636 +0.00497867 -0.03076953 +0.04532301 -0.06449483 +0.05261450 +0.14059481 -0.05550787 +0.14197509 +0.15240276 -0.04309541 -0.01579612 +0.03632864 +0.13174604 -0.00778095 -0.15165757 -0.12555067 +0.03370726 -0.04379171 -0.11314677 -0.03027872 +0.04735608 +0.00836289 +0.08491732 -0.18555585 -0.02492150 +0.02518972 +0.08079252 +0.00808400 -0.08992590 -0.09389213 +0.10813272 +0.00403024 +0.08598661 +0.12286826 -0.12754884 -0.04133458 -0.00857080 +0.11672275 +0.13831794 -0.10170340 +0.07501922 +0.11469795 +0.08381134 +0.06380548 -0.12856665 -0.02094222 -0.00477108 -0.01894435 -0.09915638 +0.02741823 +0.08741336
+0.05405588 -0.03396998 +0.04545497 +0.22789828 -0.00844896 +0.06207613 +0.06843671 -0.03399402 -0.04965835 -0.05753927 -0.05723612 -0.04768108 +0.01883996 +0.05637487 -0.05274872 +0.08968876 -0.16565904 +0.14860754 +0.04778709 +0.01394281 -0.02621192 +0.08381405 +0.02592979 +0.04280771 +0.00410059 -0.00725279 -0.04101520 +0.06878164 +0.05784058 -0.01019108 +0.07371455 +0.10908666 -0.03521908 +0.22332774 -0.04031632 -0.00791721 -0.10624436 -0.02715521 -0.02556659 +0.08362467 -0.05338096 -0.07581183 -0.09157108 -0.11399866 -0.01176579 +0.09876426 -0.03152416 -0.01193288 +0.11698933 +0.12978773 -0.05442933 +0.03576042 -0.01997461 +0.06547140 -0.02504590 +0.11107099 +0.04681166 +0.08505497 +0.21364452 -0.11799410 +0.08698533 +0.01130054 +0.07547460 +0.10062118 -0.14571959 +0.00049508 +0.00484788 -0.06174418 -0.10305849 +0.02151190 +0.09898431 +0.18501976 -0.05755551 -0.05077963 -0.07901307 -0.15103213 -0.02427897 -0.06161785 -0.10039526 -0.07226599 -0.07727756 -0.16796419 -0.05472237 +0.10802431 +0.14777958 +0.18755828 -0.12490547 -0.04345689 -0.06078484 -0.01599113 +0.10100061 -0.08622458 -0.00126106 +0.05499317 +0.03269736 -0.04125894 -0.09863099 -0.02101743 +0.08533504 -0.04317754 +0.07136338 +0.08824917 -0.13490242 +0.08388390 -0.02923831 -0.13490422 -0.04315802 -0.12283299 -0.06905401 +0.07785925 +0.11606289 -0.08423734 +0.02079378 +0.02537448 +0.03369548 -0.03403315 +0.02105952 +0.04308483 +0.04417341 -0.12734061 -0.04259780 +0.08837065 -0.00626533 +0.17893402 -0.05111592 -0.08923136 +0.03787615 +0.04843153
-0.00073543 +0.09827375 +0.06216355 +0.30157894 +0.17242555 -0.23094958 -0.04840543 +0.02789507 +0.06439747 -0.03796842 -0.07899561 +0.00785001 +0.03273777 -0.07467743 +0.17427038 +0.05669271 +0.01220661 +0.09134193 -0.01201904 -0.06907646 +0.04598319 +0.19813341 +0.16138585 -0.03070200 +0.01660098 +0.16506203 +0.03568322 -0.06270422 +0.24765043 +0.19043778 +0.04897436 +0.21489133 -0.04084955 -0.03566202 +0.06938413 +0.09929819 +0.05569976 -0.24837756 +0.10939960 +0.16223891 -0.13585331 -0.02458536 +0.00859693 -0.09869885 -0.03563060 +0.21003003 -0.06401645 +0.05826163 +0.04098557 +0.07592660 -0.02667656 -0.14249866 +0.08836046 +0.11315273 -0.04500210 -0.02769310 -0.25380665 -0.02673633 -0.02076983 +0.10784787 -0.04820246 -0.08464535 +0.16567577 +0.21960565 -0.05178031 -0.02826689 -0.05391569 -0.05204990 -0.07747893 +0.08207449 -0.03631809 +0.07478129 +0.00057144 -0.07378698 -0.16933841 -0.05049074 +0.01998398 +0.03631698 +0.10878696 +0.07703622 -0.06197572 +0.12654267 -0.03271893 +0.15813512 +0.19503529 +0.06008361 +0.07412215 -0.08760394 +0.09602051 +0.00829386 +0.07433811 +0.00432847 -0.01285975 -0.03883779 -0.07257751 +0.12352728 +0.04543220 +0.06212575 +0.12867750 -0.17879479 -0.03747950 +0.07623808 +0.02650857 -0.06105584 +0.10623411 -0.09176853 +0.17905074 -0.03998216 -0.02188933 +0.03822067 +0.12421940 -0.03431097 +0.11802629 -0.00415495 -0.02824405 +0.05359377 +0.22302116 +0.05709536 -0.07459265 +0.05015751 +0.10293173 +0.24282418 -0.02353649 +0.19815330 +0.00431964 -0.05731705 +0.00996082 +0.01024648
-0.03042547 -0.10265656 -0.15844730 +0.05462493 +0.09445652 +0.02897298 -0.08835982 +0.00862776 +0.20311111 -0.05193053 -0.08908055 -0.00004519 +0.05189432 -0.08116828 +0.34810191 +0.07333045 -0.02689348 +0.02446647 +0.04950048 +0.13566484 +0.09232113 +0.05265816 +0.04311380 -0.02744372 -0.04063985 -0.00300947 +0.06411463 -0.06331143 +0.25322026 +0.13363749 +0.19098403 +0.13347028 -0.01504156 +0.13645144 -0.05495361 +0.02237665 -0.07664888 -0.04742010 +0.01213845 -0.00833960 -0.00737856 +0.04340979 +0.14808029 -0.26794603 -0.10259993 +0.06633958 -0.04282086 +0.01392147 +0.02067968 -0.05831570 +0.01914816 -0.01335396 +0.03317423 -0.04582557 -0.11613385 -0.13212185 +0.10619740 +0.03714044 +0.09415780 -0.04586052 +0.06919845 -0.06432354 -0.06348944 +0.06299561 +0.07075671 -0.01892175 -0.06096942 +0.08681501 -0.10535213 +0.05832243 -0.01994331 +0.11623599 +0.03163814 -0.01416806 +0.12399799 -0.09587373 -0.06171704 +0.00188107 -0.01705193 +0.07415694 -0.20273580 -0.00576944 -0.04143938 -0.12792237 +0.12289723 -0.02937529 +0.03075405 +0.17516035 +0.06460270 -0.04533094 -0.01691770 +0.19896810 +0.07933499 +0.04509740 +0.04049699 +0.08638906 +0.01511247 +0.07520431 +0.17641737 -0.01756469 +0.12810290 +0.08854914 +0.13394117 -0.01815560 +0.08498300 -0.03196324 +0.11824160 -0.07582465 +0.17658882 -0.04925689 -0.12006085 +0.04779388 -0.11211471 -0.01780344 -0.00573946 -0.07865066 -0.14864530 +0.09178155 -0.03671181 +0.05377414 -0.06746083 -0.11393131 -0.00314295 -0.02188234 +0.01589581 +0.04284026 +0.05541288 -0.05034124
-0.08494112 +0.12398076 -0.12452730 -0.03528476 -0.00520224 +0.01476168 +0.03146771 -0.08150578 +0.11243782 +0.05643706 -0.04944091 +0.06571084 +0.06741749 -0.08007471 +0.04138870 +0.02205899 +0.05828885 -0.08264654 +0.00521824 -0.04620509 -0.02415852 -0.04148032 -0.05428993 -0.01612806 +0.10550105 -0.08141268 -0.07144684 -0.00245633 +0.01820866 +0.08316216 -0.05034504 -0.07142223 +0.07250430 +0.04798635 +0.06495588 +0.02603055 +0.00737631 -0.11472376 -0.01553810 +0.14236790 -0.02848440 +0.00656436 +0.05328989 -0.06089369 -0.00199387 +0.05303335 -0.10555971 +0.01639583 -0.01398092 -0.04498877 -0.02071576 +0.04596563 -0.01317071 +0.13139831 -0.04790636 +0.08957931 -0.03861171 -0.04353808 +0.09932242 +0.01883189 +0.03679337 -0.09717327 +0.03604830 +0.04758163 -0.06951712 -0.05446900 -0.07218760 +0.05175983 +0.03825899 +0.07995688 +0.03929800 -0.08041939 -0.04425616 -0.06970317 +0.07335891 -0.10792653 -0.01862933 -0.01242425 -0.04805074 +0.06022233 -0.08635912 -0.03994941 +0.00108769 +0.00140256 +0.03512843 -0.01190466 -0.06312598 +0.02194210 +0.08321062 -0.07674184 +0.07683970 -0.02106939 +0.07180922 -0.08509357 +0.07771377 -0.00204449 +0.10622847 +0.08298611 +0.08806284 -0.05789356 +0.06286232 -0.01261731 -0.01769902 +0.00728885 +0.10505997 -0.02960419 -0.03575701 +0.02759524 +0.05444704 -0.09470145 -0.06526850 +0.10090978 +0.00497387 -0.01779571 +0.01811202 +0.07782589 +0.07749786 -0.08281846 -0.02005569 +0.08625250 +0.04469287 +0.10477502 +0.00571007 -0.05617067 +0.02878343 -0.10664139 +0.10926306 -0.05231878
-0.00835927 -0.06463672 -0.08310472 +0.04255822 -0.00634109 +0.15628433 +0.07786531 -0.10055037 +0.00327807 -0.06924331 +0.08236676 -0.04988407 -0.07984041 -0.00909717 -0.18109144 +0.11838751 +0.03613210 -0.06345209 +0.14410068 -0.01325318 -0.01249093 -0.08379982 -0.14218098 -0.00340129 +0.00391742 +0.07506739 +0.02991324 +0.02141448 -0.14501880 -0.06355959 -0.02300773 +0.14525352 +0.02484821 -0.03914581 -0.05983419 -0.03623827 -0.02196610 +0.08413412 +0.05854722 -0.07513079 +0.10370070 -0.05848485 -0.04199837 +0.13596240 +0.06506479 +0.13566902 -0.07839234 -0.03347834 -0.10474188 -0.02255901 -0.05623762 +0.16626437 +0.02296080 -0.07609533 -0.09931562 +0.04231923 -0.01416492 +0.06383324 +0.14846332 -0.00056929 +0.03837740 +0.11194419 +0.04115630 +0.01671288 -0.03438572 -0.10224347 +0.06080900 +0.20424663 +0.08705839 -0.06826399 +0.20458648 +0.02874681 +0.15923776 +0.01088903 +0.04926264 -0.04754688 +0.16413513 +0.01254669 -0.13290325 -0.07912223 +0.01982947 +0.04246221 -0.03245699 -0.06645189 -0.05522307 +0.13960683 +0.03945981 -0.08731076 -0.05884025 +0.16984002 +0.01519206 -0.01930179 -0.12556632 -0.07771195 +0.02087878 -0.11108387 -0.01251074 -0.03691509 -0.13834076 +0.01294779 -0.06304476 -0.04494781 -0.14355481 -0.05443112 -0.12061655 -0.01250677 -0.10359896 +0.11201145 -0.06807449 +0.09811632 +0.11889552 +0.10541598 -0.01624419 +0.00577813 +0.06118758 +0.05526537 +0.09391413 -0.02790819 +0.18302990 -0.07776736 -0.02035653 +0.05910785 -0.06245577 +0.06410932 +0.00320149 +0.04430731 -0.09062319 +0.05740483
-0.07815257 -0.07313553 +0.00952381 +0.05248078 -0.06564874 +0.08726341 +0.01881133 +0.01920826 +0.01193772 +0.02537791 -0.02673545 +0.04477608 -0.05334803 -0.03451093 -0.00084162 -0.07309192 +0.05460853 -0.03833956 -0.03969062 -0.02753385 -0.00390403 -0.00042712 +0.08264769 -0.05228823 -0.05656986 +0.01183243 -0.01866706 +0.03316283 +0.02583847 -0.07781930 +0.06952929 -0.03745812 -0.01126441 +0.04257604 +0.02374448 +0.06130243 -0.06144260 +0.00567347 -0.02875478 +0.06530317 +0.03521035 -0.00618710 -0.02702993 +0.06396617 +0.08255948 -0.03037887 +0.08261686 -0.09340846 +0.08182707 +0.06663717 +0.03913047 +0.04065346 -0.06608910 -0.01744675 -0.07669079 +0.06398160 -0.09243878 +0.06574721 -0.09786092 +0.02516801 -0.05312061 +0.05676943 -0.07401592 +0.04361491 +0.00358719 -0.03434775 -0.07067715 +0.07738835 -0.01416451 -0.02908060 -0.05393652 +0.03571027 -0.00795306 -0.07947927 +0.06984162 -0.02540259 -0.10889299 -0.04406583 +0.03796155 -0.06745446 -0.06132504 +0.03820161 -0.04709411 +0.02960395 -0.05976846 -0.01119633 -0.03711555 +0.06728575 -0.05751126 -0.05830838 -0.06215623 +0.07637078 -0.07473678 +0.00477023 +0.02597836 +0.01931942 +0.03841494 -0.05053505 -0.05895508 +0.08417026 +0.07242316 -0.05850662 -0.03360083 -0.08827946 -0.05713238 -0.05369228 +0.07583026 +0.02184781 -0.08030303 -0.06966817 +0.00287149 +0.00028726 +0.01304162 -0.03989208 +0.07363463 +0.00122641 +0.00908443 -0.05831106 +0.01731930 -0.06034115 +0.05124618 +0.07510347 +0.08626439 +0.03709383 -0.01221112 -0.07582846 +0.07253262 -0.02719487
-0.05402209 +0.04322051 +0.10728277 -0.02797598 -0.09939938 +0.02821426 -0.02322480 -0.04120979 -0.10729668 +0.04832447 -0.00163861 +0.07302659 -0.01285110 +0.09750546 -0.25868565 +0.12037978 -0.01670024 -0.06455007 +0.04875245 -0.13591070 -0.00066117 +0.01228125 -0.14359888 +0.11679054 +0.05974340 +0.14218381 +0.10663343 +0.05295565 -0.04040209 +0.03364840 -0.08429308 +0.09553064 +0.02855975 +0.12092300 -0.11988391 +0.04254572 -0.00748270 -0.12428227 -0.04216058 -0.10024273 +0.05759323 -0.04526250 +0.01218625 +0.16890098 +0.07967740 -0.11007176 +0.13393423 +0.12237746 -0.13628809 +0.03294788 -0.04396933 +0.04456423 +0.05483386 +0.07416343 +0.06493308 +0.12063419 +0.05225066 +0.00299346 +0.14322782 +0.03293437 +0.06488213 +0.10103320 -0.02117408 +0.00907535 +0.04600779 +0.04938420 +0.17279297 +0.03801386 +0.18936153 -0.06478203 +0.00896168 +0.05028101 -0.09163063 +0.02260883 -0.09434216 +0.09951916 +0.14109951 -0.00109533 -0.04807341 -0.16158730 +0.12561475 -0.11491846 +0.09295902 +0.05040512 -0.13665131 -0.03659350 -0.08526126 -0.05985138 -0.04788220 -0.07997926 -0.10648540 -0.07853340 -0.04073202 -0.05417462 -0.03071774 +0.07872868 +0.08055105 -0.06610443 +0.05134686 -0.05709428 +0.11480657 -0.07611176 -0.09310409 +0.07629977 -0.02380143 -0.06132914 -0.08646562 +0.12200336 +0.05780524 +0.02863500 -0.05452358 -0.06172755 +0.03597312 -0.06544071 +0.05039847 +0.00663687 -0.03700401 +0.01696951 -0.10392734 -0.03851440 -0.00123393 +0.00829509 +0.02762102 +0.19586435 -0.08475430 -0.03350614 -0.10295650 -0.00610278
-0.00289379 +0.05629857 +0.06011145 +0.04162581 +0.01407385 -0.14707768 -0.02143612 +0.06216623 +0.02322093 +0.00161282 +0.01779770 -0.07200130 -0.02748861 +0.05722920 +0.02637302 +0.02856837 +0.06362396 +0.06123242 +0.04563172 -0.04197332 -0.00855043 -0.09331610 -0.06215987 -0.06582867 +0.05787067 +0.00714885 +0.01668265 -0.04422627 +0.09909223 +0.04807750 -0.01675527 -0.04446784 -0.07898814 +0.01591229 -0.12411902 -0.04435807 -0.05197390 -0.02970620 -0.00920646 +0.09586106 +0.06956485 -0.02608986 +0.08956227 +0.01444030 +0.03242630 -0.07451896 -0.05807313 -0.07672381 +0.03896711 +0.03659162 +0.00947345 +0.04913729 +0.15715101 -0.05203034 +0.07708921 +0.07302559 +0.01239440 -0.08332434 -0.00843018 +0.09824163 -0.01283966 +0.17047815 -0.01983516 +0.07768678 -0.02607311 +0.04137481 +0.09674788 -0.03779715 +0.03211617 +0.03767670 +0.00469886 +0.03882924 -0.07523864 +0.07245307 +0.05629245 -0.06985261 -0.07619815 -0.02662594 -0.00773466 -0.00776580 +0.01667840 -0.10199475 -0.09240124 -0.04740197 +0.08302680 -0.10329536 -0.04318391 -0.01179944 -0.03573531 -0.05316061 -0.08497495 -0.02300153 +0.06370736 -0.01870243 -0.00121289 +0.05675443 -0.00135307 +0.08836719 +0.06226015 +0.07858364 +0.06395862 +0.08993410 +0.10499402 -0.08692642 -0.02555905 +0.09084641 +0.15456806 -0.06421973 -0.03074424 +0.03098934 -0.00775079 +0.02077844 +0.00038106 -0.04479466 -0.04645512 -0.05930317 -0.05309079 +0.15416513 -0.03001432 -0.03275200 -0.10022607 -0.00037296 +0.04227202 +0.14642282 +0.04337285 -0.03158398 -0.09126076 +0.06430460
+0.02380815 -0.03734498 -0.04514798 -0.04626525 -0.00546329 -0.06252951 +0.06321651 -0.01712247 +0.00700189 -0.07425955 +0.01568443 +0.05364415 +0.01488793 +0.04312885 +0.07532565 +0.04736639 +0.00982729 -0.04854052 +0.08091416 -0.08153892 +0.04581954 -0.08248601 -0.03383853 -0.05333057 -0.07062535 -0.05093140 -0.05019955 +0.03448509 -0.01700941 +0.02044261 -0.01843074 -0.06513099 -0.05960955 -0.04915649 -0.06832387 +0.07274468 -0.04217013 -0.07940125 -0.01162107 -0.06074322 -0.06832461 +0.04183318 -0.08797483 -0.00319177 -0.04507255 +0.02263728 -0.02073340 -0.05665510 -0.02076281 -0.06234204 -0.03909862 -0.06835989 -0.05691668 -0.07185718 +0.07468766 +0.07689349 -0.00827194 +0.06924853 -0.06977820 +0.04949172 -0.04462660 +0.05754311 -0.07812908 -0.03551886 +0.04337651 -0.08843343 +0.04877307 +0.07638557 -0.02484331 -0.00855857 +0.02679820 +0.03043552 -0.00341654 +0.06235909 -0.00743713 -0.03121146 -0.06169413 -0.00887162 -0.03179076 +0.05698235 -0.04406198 +0.02460096 -0.03656876 +0.08333694 +0.08396559 -0.02991672 +0.03721111 -0.05907693 -0.07664827 -0.08545010 -0.02455763 +0.00114583 -0.06099825 +0.08297911 +0.06470471 -0.05313695 -0.06485989 +0.08367039 +0.01342440 +0.00541027 -0.02373407 -0.01349400 -0.07232734 -0.01402368 +0.01511668 -0.02231663 +0.06295339 -0.04692765 -0.07543731 -0.00104740 -0.02314212 +0.06200948 +0.01944512 +0.08783837 -0.06815661 -0.02791617 +0.02269644 +0.02243627 -0.00456594 -0.05508701 -0.07096356 -0.07273947 -0.00232099 -0.00638335 -0.07141039 -0.08913000 +0.04800241 +0.01328859
-0.06204357 -0.07672614 -0.05561732 +0.02211572 +0.07998587 +0.07065471 -0.08946140 -0.01807346 +0.04757396 -0.08048680 -0.06635781 +0.04868868 -0.00870582 -0.07777371 -0.06083424 -0.02669467 -0.06399703 -0.07392959 -0.00369269 +0.02885545 +0.08252440 -0.04308519 +0.02224806 +0.01812441 -0.04328053 -0.07847381 -0.07007565 -0.05871563 -0.01633982 +0.07811308 +0.07222372 -0.00077468 -0.00540377 -0.05824496 -0.07833556 -0.02883796 +0.02110372 -0.03923214 -0.00111220 +0.04969060 +0.08870275 +0.01437013 +0.03879838 -0.08420701 -0.06129315 -0.06989112 +0.04285051 -0.05766186 -0.00553038 +0.08108555 +0.00946906 +0.05544291 +0.08237717 +0.05603722 -0.02086860 +0.04455842 +0.04851573 -0.01680782 -0.02011417 -0.07840431 -0.05027048 -0.05717003 -0.02463948 -0.06622479 +0.01832814 -0.03953268 -0.01277017 +0.08399571 -0.01651356 -0.06720657 +0.06014204 +0.02210973 +0.07118924 +0.00950142 -0.07004754 +0.03413323 -0.08222286 +0.02764543 +0.00053399 +0.05639700 +0.00811809 -0.02323514 -0.09321499 -0.06655699 +0.00246499 +0.08974969 +0.00596399 -0.00244198 +0.03471800 -0.02374496 +0.07741291 -0.00316586 +0.03342045 +0.03589340 -0.05493774 +0.02896070 +0.05411357 -0.05606331 -0.00272355 -0.08618747 -0.01665239 -0.05067918 +0.03325035 -0.00564173 +0.06035670 -0.04746971 -0.02555276 +0.01323092 +0.05686318 -0.02043071 -0.00942079 -0.08202409 -0.05931731 +0.02277784 +0.00213458 +0.06886568 +0.05490730 +0.06145565 -0.02964046 -0.01605912 +0.08477312 -0.01387116 -0.00433940 +0.00671195 -0.06169646 -0.05700094 +0.08511818 -0.01629562
+0.03917699 +0.01300837 -0.07768025 +0.11884484 -0.03141049 +0.05761357 +0.08285540 -0.02903507 +0.02394075 -0.03998597 -0.01323249 -0.09626641 +0.01595525 +0.02108193 +0.10517617 -0.00005056 -0.11531767 -0.02975195 +0.05612116 +0.09537582 +0.06383573 -0.06230345 -0.07815856 -0.02071425 -0.01801449 +0.10079657 +0.01647454 +0.06169605 -0.05923449 +0.10919721 +0.07867093 -0.02325100 +0.06567383 -0.05845903 +0.00068365 +0.05097269 +0.03021300 -0.12272484 -0.09932732 -0.00763350 -0.01269529 -0.01719388 -0.11063084 -0.06372254 +0.05532731 +0.00772393 -0.02226020 +0.10541618 +0.00456877 +0.06394152 -0.03190222 -0.00985165 +0.02914727 +0.08925416 +0.02485461 +0.16155803 -0.02314818 +0.01914204 +0.11059172 +0.02975547 +0.07549573 +0.04748226 +0.01339170 -0.03506805 +0.00008243 +0.03559396 +0.00124217 +0.01264038 +0.08974897 -0.05297731 -0.05425316 -0.01597256 -0.04499204 -0.02503131 +0.03502469 +0.13192585 +0.10372514 -0.04635143 -0.03431809 +0.04950291 +0.04642551 -0.08601514 +0.05843326 -0.03352364 +0.08714252 -0.00604541 +0.04681738 -0.04816823 +0.00482293 -0.03399172 +0.01044113 -0.04409027 +0.11266506 -0.08276205 -0.03863762 +0.07882465 +0.02910736 -0.04908093 +0.07378748 -0.04002112 +0.09078778 -0.07517733 -0.02505700 -0.02562631 +0.03391210 -0.03482357 -0.07038475 +0.09560045 -0.00139242 +0.01481044 +0.02127786 +0.08791921 -0.08360632 +0.02909469 +0.04504789 -0.01253052 -0.04202176 -0.01656308 -0.09076206 -0.00848969 +0.01574482 +0.03901593 -0.10719389 -0.06653631 +0.01478543 +0.00499742 +0.00371962 +0.00288140

